{"instance":{"instanceName":"StoneFlakes.txt","coordinates":[[-3.2265856653168607E-16,1.3241697089582312,-0.7771924677507144,1.52655665885959E-16,1.64596149141265,0.5625541705466809,0.12190427927329495,-0.39911541537471423],[0.17477949650014163,-0.25761615423229584,0.8940811891858637,0.8515849229800749,-1.1088111938613605,1.9463054925990302,-0.178142786778041,-2.9556114543965304],[0.25945527741325364,-0.3529044592437739,-0.27074590504266033,0.668579567038798,-0.06927433149381178,0.2560269789528058,-0.6134223333032179,-0.20246187391149717],[-1.18003299810965,0.14259472681591043,0.06688513676270907,-0.6124579245501388,1.7499151776494,-1.3291564975755208,-0.7571068438066748,-0.46466659586245224],[-1.09535721719654,2.925013233151052,-1.1148235095560801,-2.2595061280216298,1.00924516321252,-1.0489030652611209,-1.4163651861166497,-2.1689972885436606],[1.5295919911099394,0.21882537082509146,-0.4733245301258823,1.5836063467451797,-0.1992164392897562,-1.5568624113309708,0.2444587147027129,0.19084520901493596],[0.8521857438050384,-0.39101978124836395,-1.6212700722641402,0.3025688551562451,-0.08876564766320348,-0.18186900903844438,-0.5838402281995649,-0.20246187391149717],[0.5134826201525906,-0.14327018821852275,0.7421472203734477,-0.2464472126675848,-0.017297488375434173,0.4574591334287808,-0.38099150748880295,-0.39911541537471423],[-0.8413298744572031,0.8096128618962529,-0.27074590504266033,-0.7954632804914157,-0.08226854227340619,-0.1731110892786194,-1.2346465404799298,-1.1857295812275805],[0.9368615247181514,0.21882537082509146,-0.8278371240215193,0.668579567038798,0.3205519918940199,-1.381704016134471,-1.1078660900356998,-0.7924224983011473],[-0.4179509698916442,0.962074149914617,-1.2836390304587701,2.4986331264515695,-0.6215282896265744,-0.2519323671170444,-1.6149878918126095,-0.9890760397643643],[0.17477949650014163,-0.14327018821852275,-0.3889167696745393,0.668579567038798,0.7038812098920549,-0.9700817874226957,-0.5289020330070668,-0.5302177763501912],[0.25945527741325364,-0.543481069266729,0.9109627412761316,-0.7954632804914157,-0.7644646082021124,0.2910586579921058,0.6670602161834679,0.715254652916847],[-0.0792478462391951,-0.12421252721622776,0.5733316994707627,-1.7104900601977993,1.32110622192279,-0.6898283551082945,-0.182368801792849,-0.2680130543992362],[1.0215373056312596,0.19976770982279649,-1.2836390304587701,0.4855742110975211,-0.2317019662387422,-0.9525659479030447,-0.24998504202976898,-0.20246187391149717],[-0.8413298744572031,1.2860543869536412,0.7590287724637157,1.03459027892135,3.2572436280823602,-1.3379144173353408,-1.6192139068274096,-1.9067925665927106],[-0.5873025317178682,0.29505601483427357,-0.27074590504266033,-0.2464472126675848,-0.7644646082021124,3.2862672158522606,0.8022926966573087,0.58415229194137],[-0.4179509698916442,-0.08609720521163654,-0.10193038413997532,-0.2464472126675848,-0.8814125052184624,0.5187645717475559,0.8699089368942298,0.649703472429108],[0.09010371558702927,0.21882537082509146,-0.10193038413997532,-0.2464472126675848,-0.7189848704735323,1.9200317333195602,0.2529107447323289,0.19084520901493596],[0.17477949650014163,0.1235370658136144,-0.27074590504266033,-0.2464472126675848,-0.5890427626775884,0.5450383310270309,0.6670602161834679,0.7808058334045861],[0.3441310583263656,0.3522289978411606,-0.4395614259453453,0.11956349921496813,-0.6215282896265744,1.7448733381230601,-0.01332820120054693,0.19084520901493596],[-0.1639236271523073,0.6190362518732978,-1.1148235095560801,-0.4294525686088617,-1.1088111938613605,1.35952486869076,0.6121220209909699,0.453049930965892],[-0.8413298744572031,-1.2486145263516606,0.9109627412761316,-0.9784686364326917,-0.9463835591164343,0.43118537414930586,2.0320630659662995,1.5018688187697102],[0.09010371558702927,1.1145354379329808,-0.7771924677507144,1.52655665885959E-16,1.89934860161474,-1.5568624113309708,0.8191967567165388,0.453049930965892],[-1.18003299810965,-1.6297677463975708,1.8394481062408998,-0.06344185672630863,-1.1088111938613605,0.939144720219157,0.7473545014648109,1.10856173584328],[0.8521857438050384,-1.686940729404461,1.2992384393523098,-0.6124579245501388,-0.1992164392897562,-0.33075364495546944,0.5402797657392409,0.715254652916847],[0.25945527741325364,1.457573335974301,0.5058054911096886,1.4006009908039,1.84737175849636,-0.7686496329467195,-1.0994140600060898,-1.3168319422030605],[-0.33327518897853126,0.5999785908710018,-0.9122448844728613,1.4006009908039,0.11914172481030685,-0.1731110892786194,-0.9768596245766668,-1.1201784007398405],[-0.8413298744572031,-0.009866561202454108,-0.9460079886533983,1.21759563486263,-0.4136209171530632,0.6326175286252819,-0.8120450389991728,-0.07135951293601933],[1.6989435529361594,-0.8674613063057522,0.2357006576653937,0.11956349921496813,0.5479506805369229,-0.19938484855809438,-0.7359767687326368,-0.20246187391149717],[0.42880683923947754,-0.9055766283103432,0.2357006576653937,0.11956349921496813,-0.04978301532442018,-0.9700817874226957,-0.6472304534216788,-0.39911541537471423],[0.25945527741325364,-1.7059983904067508,1.0797782621788197,-1.1614739923739696,-0.7449732920327213,0.3260903370314058,1.1826340479899897,1.04301055535554],[0.005427934673917107,-0.8102883232988652,1.2485937830814997,-0.2464472126675848,-1.0308459291838004,1.28946151061216,1.6517217146336296,1.23966409681876],[0.005427934673917107,-0.9627496113172294,1.4174093039841897,-1.3444793483152495,-1.0048575076246105,1.55219910340691,2.1081313362328395,1.3052152773065],[0.5981584010657025,-1.686940729404461,0.6408579078318367,-1.3444793483152495,-1.1088111938613605,-0.2431744473572194,-3.295974604355933E-17,1.5018688187697102],[-0.33327518897853126,-2.258670559473321,1.5355801686160697,-1.1614739923739696,-1.0308459291838004,2.8220974685815303,1.3263185584934398,0.9774593748678031],[0.8521857438050384,-0.3529044592437739,-1.3174021346393001,1.5836063467451797,-0.9723719806756234,0.072110663996481,-0.4317036876664939,0.12529402852719693],[-0.0792478462391951,-0.2195008322277048,-0.10193038413997532,0.668579567038798,-1.7087026238371552E-16,-3.3653635433950067E-16,-0.8078190239843648,-0.9235248592766253],[-1.6034119026752098,0.962074149914617,-1.0135341970144702,1.03459027892135,1.32760332731259,0.089626503516131,-1.0740579699172397,-0.5957689568379302],[-1.43406034084899,0.19976770982279649,0.06688513676270907,0.4855742110975211,0.7493609476206359,-0.4446066018331945,-1.1966124053466598,-0.8579736787888863],[-0.5026267508047563,0.3522289978411606,-0.6083769468480293,1.21759563486263,-0.04978301532442018,0.21223738015368074,-0.7613328588214818,-0.7924224983011473],[-1.09535721719654,1.0001894719192108,0.9109627412761316,1.9496170586277297,1.21065543029624,-1.5568624113309708,-1.2642286455835798,-2.5623043714701006],[-0.4179509698916442,0.18071004882050146,0.10064824094324568,-0.06344185672630863,-0.13424538539178418,0.15968986159473073,-1.0402498497987798,-0.6613201373256692],[-0.0792478462391951,0.2759983538319785,-0.7771924677507144,0.8515849229800749,-0.2836788093571192,0.20347946039385573,-0.8712092492064778,-0.7268713178134082],[-0.24859940806541928,-0.7721730012942742,3.1055645130110294,-1.7104900601977993,0.22959251643685985,-0.9525659479030447,0.7431284864500028,0.58415229194137],[-0.7566540935440911,-0.12421252721622776,1.7550403457895498,-0.06344185672630863,-0.6605109219653573,0.4136695346296558,0.8234227717313468,0.649703472429108],[0.7675099628919264,-0.9627496113172294,0.5733316994707627,-0.9784686364326917,-0.8619211890490703,0.6676492076645809,1.0431755525013398,0.7808058334045861],[-0.7566540935440911,-1.0008649333218205,1.0797782621788197,-0.4294525686088617,-0.7319790812531264,-0.3395115647152944,1.5376193092338195,1.10856173584328],[0.6828341819788145,0.19976770982279649,-1.8069671452570901,0.668579567038798,0.3335462026736149,-0.5847333179903945,-0.5753881981699499,0.12529402852719693],[0.42880683923947754,-0.16232784922081878,-1.0979419574658102,0.668579567038798,0.9507712147043489,0.21223738015368074,-0.8543051891472477,-0.8579736787888863],[-1.5187361217620998,-0.9627496113172294,0.7421472203734477,-0.4294525686088617,-0.9723719806756234,-0.050500212641069256,1.4277429188488298,1.10856173584328],[-0.5026267508047563,-1.0389802553264105,1.2485937830814997,-0.9784686364326917,-0.8619211890490703,0.7377125657431819,1.3559006635970998,1.04301055535554],[-0.5873025317178682,-1.1342685603378904,1.0797782621788197,-0.4294525686088617,-1.0568343507429905,0.8165338435816069,1.4192908888192097,1.04301055535554],[-0.24859940806541928,-0.27667381523459184,-0.4395614259453453,-0.9784686364326917,-0.9528806645062313,0.3698799358305308,1.4277429188488298,1.10856173584328],[1.9529708956754994,-1.0427917875268704,0.11752979303351369,-0.2464472126675848,-0.6085340788469793,1.00045015853793,0.6374781110798149,0.8463570138923251],[2.2069982384148292,-0.9379746520142463,0.03312203258217219,0.11956349921496813,-0.4526035494918472,0.877839281900382,0.3839172101913618,0.715254652916847],[2.037646676588609,-1.0999647705337605,0.30322686602646765,-0.06344185672630863,-0.7709617135919093,0.7815021645423069,0.5191496906652039,0.7808058334045861],[-1.26470877902276,0.6571515738778888,1.3161199914425799,1.4006009908039,2.7374751968985804,-1.3028827382960408,-1.4586253362647297,-1.5134854836662706],[0.25945527741325364,1.0764201159283908,-0.6083769468480293,1.52655665885959E-16,-1.7087026238371552E-16,-3.3653635433950067E-16,0.9502032221755727,0.649703472429108],[-0.33327518897853126,-0.25761615423229584,0.2357006576653937,-0.6124579245501388,-0.8424298728796793,0.3260903370314058,1.2544763032417199,0.9774593748678031],[-0.5873025317178682,-0.9627496113172294,0.40451617856807764,-0.9784686364326917,-0.8034472405408953,-0.006710613841944249,1.3516746485822897,0.9774593748678031],[0.09010371558702927,-1.0199225943241204,1.2485937830814997,-0.7954632804914157,-0.7384761866429234,1.26318775133268,0.7008683363019279,0.518601111453631],[1.4449162101968196,-0.16232784922081878,0.40451617856807764,-0.4294525686088617,-0.1732280177305672,0.12465818255543071,0.6459301411094299,0.58415229194137],[1.1062130865443796,0.5046902858595247,0.5733316994707627,-0.9784686364326917,0.3920201511817899,0.12465818255543071,0.46421149547270585,-0.20246187391149717],[0.09010371558702927,2.334225742079892,-1.2836390304587701,1.52655665885959E-16,2.5880417729332406,-0.35702740423494445,0.9966893873384558,0.7808058334045861],[1.5295919911099394,-0.2195008322277048,0.06688513676270907,-1.8934954161390793,-0.40712381176326623,0.8077759238217819,1.3516746485822897,0.8463570138923251],[-1.43406034084899,0.3522289978411606,-0.7771924677507144,-0.2464472126675848,0.7883435799594188,-1.3379144173353408,-1.0571539098580098,-0.5302177763501912],[-0.33327518897853126,1.9530725220339815,-0.9460079886533983,-1.8934954161390793,1.56149912134529,-1.513072812531841,-1.1585782702133898,-1.6445878446417506],[4.069865418503299,-0.524423408264433,-2.3640583642359503,1.03459027892135,-1.1088111938613605,-1.5568624113309708,-0.178142786778041,1.10856173584328],[-0.5873025317178682,0.6571515738778888,0.06688513676270907,0.11956349921496813,-0.3681411794244832,-0.4971541203921445,0.3332050300136719,0.32194756999041396],[-1.26470877902276,1.133593098935271,-0.10193038413997532,-0.2464472126675848,-0.023794593765231475,-0.4621224413528445,0.2444587147027129,-0.07135951293601933],[-0.4179509698916442,1.457573335974301,-0.10193038413997532,1.7666117026864598,1.25613516802482,-0.6635545958288196,-1.4713033813091498,-1.4479343031785405],[-0.9260056553703151,-1.2104992043470706,1.1135413663593499,-1.8934954161390793,0.43100278352057286,-0.6460387563091695,0.32052698496924886,0.649703472429108],[-1.01068143628343,1.8577842170225016,-1.3680467909101102,0.3025688551562451,-0.5565572357286024,-0.9438080281432206,-0.8965653392953238,0.9774593748678031],[-1.43406034084899,0.39034431984575163,-0.6083769468480293,0.11956349921496813,1.0547249009411,-1.110208503579891,-0.6768125585253308,-0.5957689568379302],[-0.5873025317178682,0.6762092348801838,-1.6719147285349403,0.668579567038798,-0.13424538539178418,-0.6810704353484696,-1.6572480419606797,-1.8412413861049706],[0.25945527741325364,-0.2195008322277048,-0.10193038413997532,0.4855742110975211,0.7818464745696219,-0.34826948447511946,-0.41479962760726397,-0.3335642348869752],[-0.5026267508047563,1.8387265560202115,-1.3680467909101102,1.4006009908039,-0.49158618183063024,-0.9963555467021696,-1.3191668407760797,0.8463570138923251],[1.3602404292837096,-0.44819276425525095,0.2694637618459307,1.4006009908039,-0.29017591474691723,0.3260903370314058,-0.6599084984661009,-0.9235248592766253]],"numPoints":79,"numDimensions":8,"numClusters":3,"regularDistanceMatrix":[[0.0,4.709584632958308,2.6830490593483254,2.8709758200599427,4.181247060833595,3.797533926318691,2.927849464429387,2.795809926046712,2.801576173218102,3.122968940225338,3.9968985486317896,2.5414384314889933,3.8027550210933105,2.9389702225575722,2.966188138675241,3.9562906095612864,4.047188422391387,3.2755640380972975,3.089911447914373,2.9110566698359803,2.845543000063052,3.1643233763231704,5.01341019984161,2.4125918550198526,5.231054242865794,4.483214893494004,2.799887897426524,2.68608327072658,3.0372685706727,3.3601659087792406,3.465830722442794,4.798328575567652,4.630347572240443,5.168172847833014,5.010952404037597,5.938195149617978,3.743811681072419,2.730791751739704,2.371136478041829,2.834847569773975,2.5770932843099863,4.386093281251674,2.647187544962131,2.603129854952853,5.302118198290836,4.002586075733819,4.1402733408921275,4.511844933262205,2.652904339597587,2.1709390537423006,4.608599871360603,4.562998203507527,4.599365516783176,3.8033282930259182,4.167659693221141,4.058681400585691,4.317318245440794,4.098681888162493,2.2291146686883523,3.6660415069240684,4.202346878085548,4.194435913033139,3.2589790629935727,2.5683728201191824,2.274956847636479,4.044649798939923,2.96927422339819,3.4097819677166914,6.165503976615296,2.694581777522961,2.4724509933279375,3.0104840655793286,4.303315682076222,3.4350156457139542,2.606850571322747,3.4602243544820728,2.2384457801236226,3.6681591395610518,3.5692400934496984],[4.709584632958308,0.0,3.6212625155821554,5.501302918150094,6.408303698962049,5.257993603348819,4.5187530376238865,3.3677052363910884,4.004428106514956,4.740122094376977,4.505073439239328,4.414678332869444,4.455332115280428,5.179414851367761,4.7497787454352265,6.040891429790807,4.342115311972223,4.331830232380109,3.559569032112308,4.429070517892517,3.5944988488949887,4.375819557253227,5.695616652430387,6.2724151505217725,4.882389914284214,4.9812821338584845,4.8005790969039905,3.8163305591660253,3.9425318074705156,4.347892107920594,4.223301272997479,5.175909333595072,4.8012231640925895,5.400952116175474,5.639479266520965,5.218410264494871,4.356829877444342,3.2611268161564433,4.906830925175104,4.268771687966264,3.517124485510931,4.836079565129006,3.486982116485881,3.5083243462791973,5.955867142216503,4.360649623658155,4.631292267551162,5.284300624399821,5.092426480516488,4.022612170883167,5.30392030770723,4.9404557597200505,4.7796115754931545,5.187785272378373,4.674643650233244,4.6079610098864,4.613474631214534,5.697277237385028,4.904939129206968,4.8013025014806585,5.136502577583488,4.107717058596147,4.572285693068954,4.2969758192994165,6.819500400843338,5.351692202589407,5.29146469700781,6.15179244752708,7.394696332092048,4.4900595081583425,4.65624212568218,4.633811945494032,5.660528769292891,5.995147679911547,5.063807718553638,4.399213642454291,4.111620664326576,5.92193333778258,3.1288876046089507],[2.6830490593483254,3.6212625155821554,0.0,3.159802429457879,5.407812831114339,2.6481196392499,1.5822987896316527,1.4517837713580914,2.4987315107641255,2.126678252655822,2.9577016458243475,1.510218752238715,2.557837397294185,3.0914986010038894,1.8880744826608489,4.755527782205113,3.776609839128551,2.2474196121123264,2.305989312281425,2.007879042603327,1.9674226407541835,2.6966755807228693,4.102019594369596,3.5397293596045936,3.7160548590658276,2.961641214144031,3.2585610756085637,1.8440830237890031,1.550430358252591,1.8703444189748577,1.5606317516653665,3.4989102302553703,3.5528310862627155,4.424255647107032,3.3747102550694925,4.822792793094925,1.8094056617968741,0.8883049380351777,2.8689672574281784,2.29167730661455,1.3658784995053792,4.197745355265012,1.3504248799525254,1.0910579801951332,4.637063751148898,2.9815373663719322,2.9264516567694643,3.4090362160718928,1.9551687162133937,1.5097627054541205,3.5440352130178376,3.5160168616873526,3.36595990697134,3.111921958956559,2.8003056309822436,2.6266835933854273,2.757424159279512,4.374755015137343,2.4177306510960292,2.782425610442178,3.1811189489762373,2.938520619080848,2.3099967857553323,2.503806572099614,4.440578733017482,3.699927447411598,2.8353923486034427,4.56674115564688,5.033887275734698,1.9950782269188363,2.582533342880886,3.1401249020639623,3.64468280215476,3.314793742959911,2.6691777217740613,2.8977389558168993,1.1072514703529517,3.2355595779585795,1.619965689990252],[2.8709758200599427,5.501302918150094,3.159802429457879,0.0,3.9780302374596412,4.212623505463778,3.5913211873311446,3.162349181400627,2.47960336335244,3.033963554422127,4.533237220750358,2.246228879717222,3.956823635442226,1.9252768060064105,3.5034727677789683,3.1159464147418134,5.637244199067494,3.875981190827245,4.4591528081886755,3.8270906104509153,4.3835684127239585,4.561547580582892,4.99120972726483,2.654544165235507,4.9639324194500345,4.1069643469577315,3.035354715724488,3.2266314684377093,3.6332034342038995,3.5585634241916004,2.763259102688247,4.670844657435829,5.20967308344807,5.676260119151715,4.600718480298199,6.350392747617792,4.5763216423933955,2.8380238960495894,2.653263705625421,1.8452279255287052,3.167041383726814,3.6082186428121683,2.6019891374068966,3.2636882661961106,4.23645417695858,3.998651464564204,4.583263265653665,4.174470606154834,3.4010681349252314,2.976220212543656,4.256806419150576,4.606183439494328,4.746870562996049,4.3444507869901985,5.100037595811115,5.058920364155607,5.122931314370149,2.9074124255574416,3.5722301686969944,4.061028839364999,4.076307584734344,4.516576953325821,4.001426310556832,3.3565327563886247,3.858757309086077,4.949674483678789,1.4049658714194178,2.8782907173175127,6.903840516714622,2.852698027305448,2.4914511273675224,3.187812008189814,3.039939878528046,3.665288939146407,1.2932929847199093,3.4606133526499736,2.3390321387118096,4.07639024170277,4.244676125989522],[4.181247060833595,6.408303698962049,5.407812831114339,3.9780302374596412,0.0,6.2801624430826575,5.3035318435779795,5.199122296420123,3.217699160625688,4.762835015705069,5.630865510218221,4.868355567693715,6.14119821017725,4.3409932902884165,5.123388051603354,4.72863966515167,6.81041047702128,5.814491857495797,5.827848718327473,5.68889818161826,5.727938060990714,5.550745374873787,7.389900299079035,4.77762344508111,7.626676313896946,6.908472521437275,4.64966248198144,4.719794406586215,5.514900825572607,5.910967051139035,5.415919694191967,7.1654321372631165,7.447442741613429,7.674013009126584,6.976712363619873,8.50004596245177,6.384749703501537,4.955843896405252,4.354584157480114,4.321269787066252,4.934907732319725,5.099205744784642,4.412818791594316,4.843519075324151,6.734958289955379,6.352971151005461,6.653900619696637,6.833456510321442,5.126862007698099,4.904825239036959,6.770992895132548,6.927270992102121,7.141970343865825,6.144840251674728,7.122820648838847,7.08627136896061,7.198388889604544,5.287770158932094,5.126320602816136,6.1318409338155835,6.423124049764072,6.693515957524486,6.020841852955474,4.935366546297648,4.937982948871074,6.365256495776602,3.7211954458474676,1.596808577253124,8.246791508061323,4.89133375977728,4.109273370834329,4.536544334347383,5.804244070385747,4.517483983947705,3.9349128267519244,3.975876684475456,5.019905357197347,5.133119846421365,6.198680840302149],[3.797533926318691,5.257993603348819,2.6481196392499,4.212623505463778,6.2801624430826575,0.0,2.5560129479286315,3.289359567356905,4.205052411534146,2.1001714310560318,3.545443764132184,2.2558688584552007,3.736107196789889,4.255403941638195,1.698870664138061,5.333739389015294,5.667315674337061,3.570474581328199,4.232987088254802,3.2142382840725934,3.8358748558358906,4.126584064759233,5.06754721121926,3.20587245047461,5.1936086839096856,3.731133806655796,3.6095453195192717,3.011347701393977,3.472132942583766,2.7151031490116293,2.5752574516420386,4.5514292769788165,4.644332832767159,5.55861251583336,4.318134198572341,6.544883816998893,2.2827694907453697,2.9271692721323457,4.284942206490447,3.949014873542137,3.070893849226573,4.625452642488982,3.4876960455211767,2.900462288533877,5.362459667533359,4.202917201051384,4.001279494392999,4.1784383615253375,2.2887890988123814,3.056781889215189,4.618166648282852,4.786121582135887,4.60994303296701,4.061473036993964,3.5722095256184376,3.2378088881942384,3.395802861592272,5.072450211226306,2.83670552018592,3.82371777290461,4.221960304771408,4.559694688732382,2.84947625801158,3.361657312780539,4.453513308166501,4.456967107362208,3.9344381676722286,5.2183251837604585,3.5678928204092695,2.878402541673766,3.664686367796882,3.747576509149663,4.911661823910812,3.7423236128796624,3.770104204410072,3.934645121560977,2.506350622898862,3.295797379202996,2.583080319136897],[2.927849464429387,4.5187530376238865,1.5822987896316527,3.5913211873311446,5.3035318435779795,2.5560129479286315,0.0,2.5606499173241346,2.954587474443491,1.8364047479952892,3.2173864733651176,1.879608509776779,3.328608816293401,3.4955221964749743,1.1185076396111795,5.328340425858948,4.43765985101174,2.8765927148845742,3.038502511038242,2.4817777742135885,2.5916811408023435,2.8498147939760874,4.745077584843859,3.4486075569996086,4.854170444012244,3.6312904695774066,3.885785316164719,2.2662208036214366,2.2681953942435973,2.20333533091036,2.142741156431111,4.108508953747949,4.4226819192894515,5.133832070940335,3.7234118188546192,5.652858794849388,1.646414540979189,1.9875608715549877,3.352735603839367,3.167961914082708,2.18804908494882,4.946134307068684,2.3614995883731176,1.6942367523288853,5.5522347418650515,4.192984779065615,3.4241532390371536,4.177288878257001,0.9971456132317504,1.5421379994066182,4.316597008111197,4.346233005468076,4.2371881981887265,3.328463106823386,3.036619122376494,2.8176760791391087,3.0532688324997777,5.2098158845628895,2.596659472290751,3.362496503340052,3.718030488988304,3.8857176473445088,2.697310609249529,2.957648850960158,4.344438110143371,3.753378768340363,3.0381634104237007,4.368557201335964,4.03402056516646,2.710642232902731,3.1939832150268312,3.7231612858682723,4.262051345955874,3.298621950245185,3.0380279178197234,2.7270324687209904,1.8852186459880051,3.2470696350105843,2.4220330962515177],[2.795809926046712,3.3677052363910884,1.4517837713580914,3.162349181400627,5.199122296420123,3.289359567356905,2.5606499173241346,0.0,2.412509675394517,2.7914491258480703,4.0580490901253,2.1973476537152097,1.8656893768168317,2.3849202546624104,2.6656022173828062,4.824116343029472,3.654750478287565,2.2357393375262946,2.0986184238683236,2.009240588790558,2.0761403135690024,2.870436657124151,3.731235950265329,3.7454125505140725,3.3593018048711643,2.384719754994848,3.4255691165339157,2.830269185530691,2.7069515501090047,1.798849360276069,1.757425567433332,2.9205033952797064,3.081647385299298,3.7236441257772754,3.0078577084665326,4.252927001659075,3.0145884675061594,1.6042557721413442,3.59020551016497,2.6794978884105163,2.3676726347915844,4.446562328181383,1.422413391230391,2.1270602303008292,3.603475693556826,2.3747273054518163,2.340612204492424,3.097788183567604,3.0006107290307957,2.37962241576422,3.3984924747011895,2.918145160079165,2.9785242927360853,2.993067464609557,2.5503518245136436,2.5158194934794413,2.517928635375817,4.464923688791554,2.553134272483892,2.527516582547227,2.874665147341325,2.165086041554541,1.7809749204570096,1.5384649366317373,4.606862460722442,3.005836992827494,3.2701136459523807,4.382433681303386,5.625463360916769,2.122906487237432,2.6170777416237794,3.6554405034029274,3.012081613366195,3.9365921142584854,3.125466993675054,3.6833039547451634,1.6161475782575097,4.110520321649395,2.0471185481502534],[2.801576173218102,4.004428106514956,2.4987315107641255,2.47960336335244,3.217699160625688,4.205052411534146,2.954587474443491,2.412509675394517,0.0,2.7854068979348345,3.54398981245493,2.5057563601211092,3.5142710674289224,2.6811358431911656,3.0125485314168627,4.220599561754361,4.510544347812843,3.1979297677730463,3.231246679442077,3.171893081448338,3.136292761811892,3.2924982484796783,4.967159354941495,3.820371849281888,4.747322957978268,4.289726007851144,3.3422992955822357,2.376468485432938,2.712809850198971,3.460156424897776,2.6923821228924103,4.582228167600075,4.816997429343566,5.311910207970694,4.386750780844747,5.846217794852455,3.7670706384398,2.0247055983521465,2.63352537442302,1.830977946170027,2.2402200287532077,3.8098561786963336,1.2941448238019864,2.088011847372524,4.779017165496372,3.7151049356274646,4.104395628135486,4.3176292909507294,3.11353875313189,2.61788824120955,4.233139747743748,4.357703037193652,4.443076223209957,3.8727551939880334,4.580406586540044,4.5553386819536925,4.596622708957221,4.114397278378797,3.195119583754843,3.6591314161935466,3.95113908322723,3.9582427144465075,3.677978153011706,2.9662113275401483,4.567409685083187,4.459385415167203,1.922073825112864,2.8179921663594856,6.555842846180695,2.4407005251080793,2.0324000548475523,3.057522931018523,3.6721159825874943,3.0248464160883937,2.0756980001120224,2.2490073354169002,2.4730686696406403,3.4903229502655138,3.497858521447374],[3.122968940225338,4.740122094376977,2.126678252655822,3.033963554422127,4.762835015705069,2.1001714310560318,1.8364047479952892,2.7914491258480703,2.7854068979348345,0.0,2.899056988808781,1.2746992324298028,3.9504033382308656,3.3741296373070235,1.3497914162076419,4.133088696540629,5.655739828219857,3.786889245008429,4.10875141808865,3.450012025881655,3.694473220537352,4.089854281782589,5.573702417976844,3.12360541938065,5.4803108738162525,4.021038793989112,2.699986057907074,1.9817554510118724,2.9552649148619965,2.26478762838673,1.9048325918150633,4.880474289228624,5.270823962320067,6.038579901759773,4.448213590290357,6.726219643877533,2.5486509440615723,1.9673902377627512,3.223761246160983,2.7440579661259683,2.288533789977983,3.658527106377144,2.416486216971123,2.0025003815876916,5.388189706129593,4.4931321089495295,4.33600740746119,4.691122620637905,1.6687289042683267,1.8662179650195059,4.958166467764758,5.099771089669325,5.04810756670928,4.387151016820266,4.077356108085743,3.76774681877655,3.9697842996403905,4.081928905652961,3.1649242573200884,4.194597151665067,4.504049464323643,4.67052227858588,3.257525398053477,3.143271671721688,4.352280406927092,4.686842095339482,2.6021098073243425,3.6721952653845276,4.406127295650489,2.862234428258586,3.218826719691274,2.656212612536632,4.529885029252155,3.323116512492945,2.6148556538946464,2.311776963700563,1.7841278535179312,3.010348210287074,2.423116061992744],[3.9968985486317896,4.505073439239328,2.9577016458243475,4.533237220750358,5.630865510218221,3.545443764132184,3.2173864733651176,4.0580490901253,3.54398981245493,2.899056988808781,0.0,3.0635472569873348,5.178868654288237,5.384951984075852,3.1353612875435184,4.864830540640047,5.467411782820091,4.421808306417386,4.398934531511141,4.311883047379335,3.9076694286048634,4.3195340418645225,6.484664640334105,4.779504636354828,5.9374379991310695,5.719716123418532,3.4420763242576204,1.568786710475596,2.278496227797978,4.307977772606871,3.781629654307936,6.234182311095932,5.954015266111906,6.9625134034681535,5.964350220491429,7.338970841818722,2.6553544598143772,2.713292551562088,2.825733155793797,3.098160361172601,1.9457293690256277,3.6381103085570494,3.1520841619665894,2.120890355191751,7.019200321797162,5.115518498925552,5.634764844841025,5.699663383235349,2.959952590179845,2.94079298234508,5.605009497429055,6.04206661581861,5.766289526722161,5.340470026578953,5.399124603915362,5.1087826385418245,5.304873066251195,4.632629245512124,4.109339567287075,5.095693191424646,5.606719853985833,5.603146532383737,4.907922080152745,4.917497926107652,5.352551920778784,6.2962372691402235,3.589591747222127,5.233366505948539,5.836590911241944,3.639247566220685,3.7920350307943287,2.470639430765371,6.140880976405955,3.2938965607506097,3.4722659068565904,2.1817031322651923,3.3395702341194733,2.4527258469542255,3.1826087606539057],[2.5414384314889933,4.414678332869444,1.510218752238715,2.246228879717222,4.868355567693715,2.2558688584552007,1.879608509776779,2.1973476537152097,2.5057563601211092,1.2746992324298028,3.0635472569873348,0.0,3.275437204054636,2.7016907282780784,1.6521301324639888,3.7770211041833277,4.991050347915549,3.0582575555465374,3.544909796954891,2.835273258546971,3.2390774610782374,3.6619828343923175,4.6937789169596265,2.597044695919046,4.55983397839907,3.3543106828045888,2.4897077402965233,1.7737158997238933,2.4021284353250554,2.0754966632189222,1.3915479802121378,4.1399390373402465,4.471546030007226,5.255463342024748,3.9872762434934956,5.906831501075548,2.55681793277573,1.349701733232829,2.592559435027382,1.94389830240079,1.7727503667349982,3.394510838394548,1.867973889456114,1.7125806897371234,4.640180926678728,3.605228057487278,3.7397428570149156,3.7922551702083696,1.7618625318025565,1.496580848577396,4.024181256287169,4.2486717497584054,4.181890027431221,3.737217410822033,3.731714984025548,3.5181974664674898,3.6689044880363832,3.497609039898474,2.6469699231174046,3.4390503590663712,3.6884144688123235,3.9090658233792865,2.8352510233993216,2.70472226733205,3.9197948192673038,4.294176127270315,2.059951910095514,3.7677595088004034,5.078475742418946,2.1384398478011764,2.4936547609885378,2.516213907737474,3.6695401244432313,3.240348419585317,1.8416277448236817,2.5838596474384734,0.7571356164029955,3.135450604940994,2.3038403999406634],[3.8027550210933105,4.455332115280428,2.557837397294185,3.956823635442226,6.14119821017725,3.736107196789889,3.328608816293401,1.8656893768168317,3.5142710674289224,3.9504033382308656,5.178868654288237,3.275437204054636,0.0,2.8708648009028965,3.3322868392433302,6.233857497743387,3.4820607625596716,1.451351681627407,2.244840511614313,1.4998375256600736,2.5184514338610535,2.664663980696184,2.068128799253233,4.106450835994021,2.3129663696045846,1.6016577953300877,4.917880395104723,4.1076896637552585,3.4703727237550432,2.871241492175727,2.554108778045438,1.3743203705215106,1.6921761611765305,2.20708546398736,1.806739002721321,3.286001295168682,3.5580515055107784,2.986477069246015,4.685867448769205,3.815118892788569,3.5460181286496697,5.791552725681278,2.7203118934613086,3.3217055090730088,2.9191944857308103,1.584668019928946,0.9372669231406792,1.6478405521636132,3.7585374414283708,3.753787964032673,2.09605101488876,1.3284188849337226,1.5044501725555013,1.7209747820700678,2.143332542976163,2.4653936544844566,2.1548987324493374,5.748173512811822,2.513726907801899,1.1591517475649757,1.3455104611241286,1.1641293636073469,1.5283754432936212,2.0522292761156558,5.052839017623829,2.1253060877286165,4.0509826955910775,5.367022846342043,5.744292239852724,2.1800825516821067,2.8941756471396918,5.128291520036364,2.351301676114573,4.22618961564008,3.960235999325421,4.929463746509015,2.800398713011736,4.686837808164776,3.335812986130936],[2.9389702225575722,5.179414851367761,3.0914986010038894,1.9252768060064105,4.3409932902884165,4.255403941638195,3.4955221964749743,2.3849202546624104,2.6811358431911656,3.3741296373070235,5.384951984075852,2.7016907282780784,2.8708648009028965,0.0,3.475175239486691,4.3655855280937805,5.01442717132769,3.3131330480248327,3.7575411944411714,3.1586253031092677,3.8369286608566275,4.038069907751764,4.114519533172121,2.986979401689384,4.371686003140927,2.995272126297061,3.81108579190372,3.9425784470162384,4.082796723414693,2.885577448803733,2.5539975810399733,3.472385940364932,4.261867669836703,4.440155170128997,3.5084556251305754,5.247896986105347,4.626366369359704,3.027721841543822,3.8816014543787576,2.963686300323894,3.698598642966115,4.796381735463676,2.6218838409251197,3.5505912764972414,3.115108339915382,3.400943507884927,3.341606294558193,3.509436167207807,3.6478763080773637,3.234675087872736,3.821129063164213,3.5911588033505164,3.9222063994460408,3.5206743916213106,3.977360992351375,4.052305007625488,4.043855866158548,4.220004563956555,3.1975862682312033,3.2757747725299877,3.226528504879611,3.4028298021903796,2.881453216661652,2.070179707478927,4.080783827816805,3.4222992485816794,2.7509457076129604,3.2101386850176037,6.487700578946915,2.824674075211058,2.76916151365471,4.268660202667991,2.0277190221317554,4.274182994116503,2.728624935212826,4.285830086834719,2.4224494660450127,4.836751038891361,4.029190209176172],[2.966188138675241,4.7497787454352265,1.8880744826608489,3.5034727677789683,5.123388051603354,1.698870664138061,1.1185076396111795,2.6656022173828062,3.0125485314168627,1.3497914162076419,3.1353612875435184,1.6521301324639888,3.3322868392433302,3.475175239486691,0.0,5.121032012067912,4.912926443552786,2.941669852091137,3.4200992847415113,2.542226614153058,2.994560852258688,3.1200777677789904,4.802687560764938,2.9455110164418814,5.030960406666853,3.64961740743974,3.538637136488822,2.2521289302927046,2.6538785148697928,2.334853721828163,2.0604247820126345,4.244199678178694,4.5124587458120375,5.2663178417361936,3.877047260064415,6.107688799544653,1.8110606900620037,2.147002238603798,3.492453217270402,3.2249312484411936,2.310313006393461,4.596164878418344,2.5242503294084666,1.899488979293335,5.335124269704647,4.090328283505935,3.559366697975715,4.070248615643476,1.0441266990696596,2.0249259606555676,4.317567396877556,4.449436511240724,4.351927725575046,3.390965659869129,3.279411278651445,3.0349325111422947,3.2245188331596646,5.015024554689772,2.2734896059169163,3.349978077116678,3.7566160973503937,4.122973634357946,2.565689341921671,2.7841385234308316,4.0602826708614295,3.835714359080902,2.9653801785707854,4.137459211553432,3.760840420256761,2.365708457379456,2.9285942827325466,3.4686742173103022,4.332785334547752,2.972446007057219,2.944968491977905,2.7836677542601205,1.89467590556264,2.857671947709487,2.4719071664689896],[3.9562906095612864,6.040891429790807,4.755527782205113,3.1159464147418134,4.72863966515167,5.333739389015294,5.328340425858948,4.824116343029472,4.220599561754361,4.133088696540629,4.864830540640047,3.7770211041833277,6.233857497743387,4.3655855280937805,5.121032012067912,0.0,7.305737063375444,6.144224393671719,6.22241072026386,5.989581145164955,6.006550176583381,6.591271978663957,7.500068546416364,4.211159024663997,7.066127627740082,6.261894516989079,2.090282056174412,3.986448326168064,5.098885285638245,4.95208380957735,4.6708894647267725,7.101269521028019,7.2720291661264165,7.911757998668451,7.147480642013269,8.422434717584165,5.965277913227506,4.212779145319748,3.406622134084324,3.2677082315494568,4.266991373547094,2.4080652641471088,4.321063822029841,4.567296879158876,6.223339779048092,5.925599495271776,6.858110649582308,6.591823364132554,4.95536377581793,4.086716836447455,6.751525464055076,6.974308375679036,7.025351288183323,6.8775351019544955,6.954775117796775,6.720343777101172,6.921645202347196,1.2128266585414769,5.452804539478456,6.463816034338425,6.6862647761552125,6.615942392344047,5.902268298640391,5.107286142613123,4.762898926095799,7.167865990391597,3.6784139323665674,3.920591199272131,8.211623639119507,4.940232852806101,4.578112645893302,2.4854374158553747,5.805506937864249,5.381206914440193,3.3720231719365366,4.291768451875514,3.943823408962045,5.188335849395154,5.046616907472577],[4.047188422391387,4.342115311972223,3.776609839128551,5.637244199067494,6.81041047702128,5.667315674337061,4.43765985101174,3.654750478287565,4.510544347812843,5.655739828219857,5.467411782820091,4.991050347915549,3.4820607625596716,5.01442717132769,4.912926443552786,7.305737063375444,0.0,2.807859152039536,1.6787995133212381,2.865703548805871,2.061444540105447,2.216852320725183,3.8624946514640137,5.658350384791922,3.8010876987855187,4.699727255639163,5.98986766703467,4.701061677464148,3.59967193204737,4.881194386823131,4.955770204858856,4.062098542457678,3.0151162523362887,3.358403538262122,4.629442193144757,3.376661565355008,4.363930609256076,4.199782077251646,4.814389786428753,4.864397692712146,4.07040135103345,6.964349941597065,3.9156105975867024,3.996845311917024,5.809986887960046,3.550934271511346,3.4101714736338686,4.186709341357135,4.80816027880764,4.469781068377178,3.918229518843329,3.4136098909282904,3.2675183089370545,3.1957718116520635,3.70658508053525,3.9553494528032282,3.948684564748631,6.975429582843598,3.593381753561227,3.1445690629014873,3.7250023976709605,2.984287096279883,3.898507982557787,4.028219639841508,5.503920286993349,3.7701401896177194,5.428663466794176,6.575588553086321,7.293456800921462,3.8909144912784273,4.0657611729764715,5.868863791719659,4.913145943272064,5.010431931559696,5.214638332709454,5.569079394524843,4.412547327934125,5.4121703588663435,4.555069291162709],[3.2755640380972975,4.331830232380109,2.2474196121123264,3.875981190827245,5.814491857495797,3.570474581328199,2.8765927148845742,2.2357393375262946,3.1979297677730463,3.786889245008429,4.421808306417386,3.0582575555465374,1.451351681627407,3.3131330480248327,2.941669852091137,6.144224393671719,2.807859152039536,0.0,1.7123864664488346,0.7538437655127137,1.8927225629047972,1.5763569636575443,2.276221302524787,3.781330118379442,2.6870298266017203,2.751946619065928,4.772117154650158,3.4452988291308246,2.573255086714982,3.3471783974833116,2.8189551171574534,2.3716860842566896,2.0256373999649897,2.7400643848618937,2.73272315259448,3.7268440055354723,2.9475201471100605,2.7028898462394215,3.9204819494786385,3.4365182919863404,2.850518034959867,5.571719839141358,2.49005984237013,2.7001161856556344,4.043555467678704,1.913114548510809,1.7987292753651603,1.9485385316448143,3.177356195421568,3.353950477820421,1.8921604141036148,1.9272061492103258,1.770090331029689,1.1242123780467008,2.6427028077481745,2.884710247270016,2.734406863834314,5.7016890156306355,1.7832559975655393,0.7605960140180285,1.487033208795914,1.9687160295328068,2.1159803627311593,2.5162803788170174,4.517813627307758,2.6704371776920195,3.6085612945793963,5.202435133639796,5.723618322992419,1.5603123016200553,2.193948688819321,4.720558543475697,3.015553015979997,3.392193780403281,3.4634747053742454,4.301291357552893,2.673574589363386,3.9123156763248548,3.368360443607764],[3.089911447914373,3.559569032112308,2.305989312281425,4.4591528081886755,5.827848718327473,4.232987088254802,3.038502511038242,2.0986184238683236,3.231246679442077,4.10875141808865,4.398934531511141,3.544909796954891,2.244840511614313,3.7575411944411714,3.4200992847415113,6.22241072026386,1.6787995133212381,1.7123864664488346,0.0,1.572200260718326,0.6643390738570516,1.3957287160812477,3.425681795665325,4.544546826940801,3.3217115068591716,3.464640186203533,4.749984606023396,3.4653608729931813,2.594093600900966,3.353503279031653,3.4037998213601823,3.177928817113502,2.5380563083177208,3.133376004512369,3.5016632194553137,3.5380639749276708,3.1122536540715133,2.761976323509194,3.976305676832242,3.719742683296884,2.8511284890397297,5.792956704002094,2.4846076697066977,2.6335327244737465,4.80363018425309,2.6692857085904738,2.3255747021302127,3.3515599345629616,3.4882893634062087,3.1811799328624635,3.3015266865545163,2.766632833224404,2.671731082561264,2.3854143106129904,2.558423770587218,2.7241372547842264,2.729040539350794,5.909287111263018,2.4457313535543035,2.1981783463964457,2.862316557383032,2.097556805820988,2.470049633183955,2.600589945277549,4.7911140695845615,2.8243354915352374,4.233119994320633,5.381452170071057,6.034730336888244,2.6082533147138705,2.9831338685527657,4.6988884228028605,3.9227412073304713,3.996298472069429,4.068721702939776,4.342342610840434,2.979126167808778,4.33005500975419,3.115838213933352],[2.9110566698359803,4.429070517892517,2.007879042603327,3.8270906104509153,5.68889818161826