{"instance":{"instanceName":"London.txt","coordinates":[[1.0501414026848395,0.44335118738791235,0.6509725116653062,-0.4975448115124478,-1.1690578013307105,-0.19997628551611923,1.1235652843054695,0.9203201439922151,-0.015379911100483173],[-0.7151853769261352,-1.0167119617311893,-0.23853873065513392,2.960289812211921,-0.08740523358527225,2.0515985605315104,-0.016043612010934096,-1.5066651274657903,-0.6747318329422362],[0.44117702843235673,0.5529136139600683,-1.38607180811686,-0.5439409105012648,-0.6777640948441412,-1.8900660084631205,1.9766958349039987,-0.01267938810540163,-1.0849004588673803],[0.6853550216015056,-0.7153704469534075,0.9939416322050754,0.3341740621229674,-0.7463625230930542,0.18658670825018883,-0.4543525501598612,1.2576579989075003,-0.191611914369053],[0.11143217163817379,-0.9246333204812244,-1.01927437242636,1.2003111472402805,-0.29187784425273217,0.08470357675029543,0.8716963559678136,-1.0062880276005002,-0.6771466230895751],[-1.7845408319914198,-0.6447103479426315,0.6429509342080563,-0.22145606201450574,1.64648668860058,-1.0113939514819004,-1.3865804715395382,-0.2683379972932001,1.3110092743871702],[1.0467414364904095,1.1949712788987803,-0.2446664875976579,-0.34754726163877675,-0.8244972849837762,0.5599830335081389,0.9084679660958407,-0.28045493218644707,-0.326750457342242],[0.8527913936541486,-0.5203825768787045,-0.24532301562061193,-0.3059397955022317,-0.3827244450152372,1.60245164148267,0.11322866641892529,-0.11217507259227204,-0.287380667242718],[-0.18941781845976713,0.01369838907386242,1.2581960302413504,1.1506926765795804,-0.5598691616474722,0.02352164474660171,0.07554918402843232,0.233856472920592,-0.5332319720866912],[1.6423445892645694,0.7334953042325454,-0.549205483369386,-0.7080174085136808,-0.8790862640818322,2.1126989019307305,0.9713760714626625,-0.9385432588146961,-0.189832816685035],[-0.00409191593064514,0.5709436398767164,0.9697514010789053,-0.13831172724803972,0.22811194785580888,-1.1063976933705004,-0.8374635439380439,-0.2542907610814131,0.5198695704449661],[-0.6144681855926352,-0.8514744987944063,-1.03498923424829,-1.00210869456937,0.992434060653274,-1.4238539375106805,-1.1603089964365185,1.2272453536220003,0.8447033159603591],[-0.22774130714458413,0.05937830604954991,1.9116770668696508,-0.12350108118589971,-0.10092185386466415,-0.33173940164946325,-0.4140084003998252,0.380592051095426,0.30899012140740106],[0.49532498829128974,-0.46979457587264145,0.07087006430980423,2.366450808332421,-0.7946752423059752,-0.48177839735370626,0.00981241568048442,-0.9781315213161621,-1.0777473653510903],[0.2887388825025028,-0.13865846728487755,-0.722595598487984,0.6212432575700665,-0.31267110551943617,-0.22671012082794023,0.5635934771926648,-0.7282988819209472,-0.5878039282934441],[0.8038327838427995,-0.8756355539151234,-1.23634371777922,-0.04203948976787249,-0.40539559671463316,-0.8271985264600163,0.8504782093997146,-0.20241925279100006,-0.3912728853541891],[0.7146214223492897,0.6504290235199823,-0.9917179304041441,-0.8969682982102859,-0.05529708669882925,-0.8200594357045153,0.6351293874834018,-0.6868221769205931,-0.181411404909229],[-1.0036812452761,-1.7068800579558792,0.6771825459658032,-0.5953842342008218,1.07753380180986,-0.4969868024066523,-0.9663365646718618,0.126742180221968,1.2432887656418803],[-2.2525071555843996,-2.351024785007549,-0.505245936000428,-0.9186414997458099,2.4036490700417903,-1.3240277557173303,-1.9819841776296379,0.6791658874291722,1.2732974874025702],[-0.13355955607699613,0.45948299428587835,-1.5400945664335002,-0.5260508935647138,-0.21982133232581316,0.8090637849996379,0.560805693338073,2.2234707910604703,-0.8646009938369531],[-0.18455576325436315,0.9439321028391622,0.6656521666839732,-1.09320123449821,0.1285692061966329,0.7661222893772179,-0.680102694629709,1.8341913080988201,0.7095861764636091],[1.1552696516998795,1.1029355496013002,0.5953911977908142,-0.5459034450266458,-1.0806039480783705,0.19689526880757383,0.421615755147561,1.2741762821245302,-0.07513723460279288],[0.16102088841379078,0.5390482374607694,-0.7756852872360301,0.5701224099779645,-0.17514095403079216,1.09243897512912,1.0898432579701596,-1.3418110299883903,-0.7773697052683001],[0.3996262013328367,1.7070747642786,1.8001996508402307,-1.1530563504231,-0.11265234064715515,-0.15744938486394322,-0.3648448176383663,-0.14034710851033605,0.12898301706628107],[0.12927653763020377,1.65662017778593,0.5309373015251713,0.22119827013714438,-0.38332393638707324,0.5384142284367459,-0.30159124093778833,0.6375722556907961,-0.6516018788090802],[-0.9258684251188,0.2593581028022474,-1.44872690450545,1.3209471503660604,0.40753962442053787,1.84575083440114,0.6621644213889989,-1.4969452106936803,-1.0102981074366602],[-0.6054284018868361,-0.2983246191190965,1.1930303227392904,-0.17212252871891073,0.25281080390980887,-0.23147879254452022,-0.4410824888778762,0.8745706985739261,0.5172323865499061],[1.0463116862522595,0.9170944795825472,-1.32471134176712,0.8438413514648025,-1.0437691211201905,-0.8183748063253343,1.582148128847369,-0.7190580405027911,-1.0215203720583002],[0.23096898971538976,-0.5327197640505354,1.2781813572713505,-0.4374079099155668,-0.24725286911960817,-0.7631083053115774,-0.4320163440396542,0.7170313483203201,0.43723336533001006],[0.5579754602538116,-0.016848964294436972,-0.0027839695371766255,0.12649796003697636,-0.6139221084697363,0.48242222779783583,0.21091511973079718,0.7098074888415841,-0.215552960274346],[-0.23142389681836711,1.1614900389581402,-0.500823976137062,0.22775684212232938,0.647893742414142,-0.16288661976852822,-0.6451982536252231,-1.6370624164835903,-0.41613674481509505],[-2.9404806559890098,-1.903047250312289,0.5278641769276342,-1.6743821114043602,3.3790632022140703,-0.07916545087355871,-2.5451710728275274,-0.7860700566321092,3.9572267540807404]],"numPoints":32,"numDimensions":9,"numClusters":9,"regularDistanceMatrix":[[0.0,5.644403072018107,3.2209487012652303,2.2908231093151477,3.6726932394086824,5.2301365361520435,1.9159729060293662,2.799225856049965,2.6580667424365068,3.29562326346671,3.105459070870254,4.445728501408902,2.7255522689146146,3.984144790922029,2.8548450704303057,2.832462734347655,2.7363176829689064,4.535309585404098,6.754346486812245,3.295191023893688,3.0596106335648225,1.1128255388794603,3.5117189466652334,2.8722129173879836,2.5552706219573387,5.0369338499877605,2.9064264959675135,3.199278445021378,2.419426925329975,1.7210453018117957,4.140393130396494,8.699640759706446],[5.644403072018107,0.0,6.297130214327572,4.73785898277573,3.0574169393494612,5.650286237334715,4.917863176297503,3.9715862121310566,3.7745435202585913,4.933309635819964,5.275446612841337,6.3803995667082285,5.088916710951414,3.094107308824835,3.697988166890684,4.8226311944946705,5.464101934380205,5.398441877202959,7.021309860309653,5.675403539457301,6.0491132012219495,5.804381466201843,3.3731195788406234,6.103512499964145,4.797046757467764,2.585488536469833,4.99894328381087,4.994776006076157,5.410794591240218,4.315236012598068,4.294000319235313,8.528330938047986],[3.2209487012652303,6.297130214327572,0.0,4.554407451476262,3.448477996801391,5.8224248806327585,3.151539267105527,4.368354205497621,4.267028459609605,4.575409813382065,4.230949170908789,4.639867289021498,4.724101505283938,4.294140799378048,2.8205468178973803,2.33151322303729,2.228758657674801,5.529650200515715,6.937683239655654,3.8615737817388256,5.143043544720407,3.788170080570643,3.6726050803588155,4.706495329652785,4.166676147123368,4.95050868875244,4.6288855845952535,2.090372648777904,4.294067831237241,3.5678782095126547,4.111283193473434,9.413504637571464],[2.2908231093151477,4.73785898277573,4.554407451476262,0.0,3.53736459543086,4.376501548935151,3.1883793875518553,2.521159797084833,1.881579546326243,4.131105915555645,2.813209402990456,3.847136346996373,2.0475389470883267,3.39516049394231,3.002485525398948,3.1896275027017515,3.7126548613218437,3.4920278484783793,5.669418810228844,3.5061669057375133,2.819943747647987,2.3137455774689237,3.9582190568367124,3.3759366857331337,2.652868650595011,4.90667904852665,1.9896079842421996,4.274696656394692,1.6598832584013392,1.5456722319570846,4.140176279294503,7.852372700548325],[3.6726932394086824,3.0574169393494612,3.448477996801391,3.53736459543086,0.0,4.797220098302165,3.0860893449718154,2.723832918993903,2.9031695170438074,3.6966667304838925,3.8218997666600907,4.554352956835388,4.023071013802766,2.092934136789685,1.161951105778255,1.9092418211489064,2.9193049549326484,4.303687067483264,6.034555189483684,4.03985179357095,4.9718065406543195,4.154181468738848,1.9495288630224263,4.84935131467627,3.7840130809888426,2.5812634492855095,3.842946006190256,2.5637961264842386,3.8419301707121516,2.658265948488889,3.0652172725030047,8.22389941282668],[5.2301365361520435,5.650286237334715,5.8224248806327585,4.376501548935151,4.797220098302165,0.0,5.359943093617553,4.852390967117523,4.119410492089518,6.300881637329765,2.7766825275293754,2.8178078040573107,3.2287834731986633,5.162612188737763,4.382202500725202,4.740003519290925,4.524830737682597,1.6746766033684664,2.619093575377228,5.507751240850069,4.072993934470468,5.317103733934743,5.21693452677894,4.334730149291303,4.641019623755549,5.394659150850313,2.6825731907691868,6.0984784196203785,3.2891487740562493,4.427157754553953,3.7825633365825313,4.186593444870578],[1.9159729060293662,4.917863176297503,3.151539267105527,3.1883793875518553,3.0860893449718154,5.359943093617553,0.0,2.219451454285178,2.964040722392269,1.913132655594216,3.265392678226356,4.812771478134931,3.394512501534403,3.672239275995784,2.188289552384109,2.745306982004649,2.005975379584123,4.941339426569573,7.0469386485726995,3.2789512676214376,3.461777227848443,1.9183135532705793,2.099151962367305,2.89506678168859,2.141854114827377,3.7655095245655668,3.5653928239066666,2.395828201309848,3.381844418784694,1.8763125030093102,2.997356744495265,8.744547714783709],[2.799225856049965,3.9715862121310566,4.368354205497621,2.521159797084833,2.723832918993903,4.852390967117523,2.219451454285178,0.0,2.908571955995101,2.09407717237996,3.5660059221476557,4.3723954740593145,3.2994804153526274,3.6429334750619353,2.361092423752638,2.765240575431742,2.980924108429345,3.9867968229759736,6.100582429892716,3.209775508298058,3.323024310475108,2.8312156833338635,2.378819652774087,3.69345252254645,2.853471401545724,3.3603286377080788,3.155632777302219,3.7354035150547036,3.1383645523461134,1.6076584139474681,3.383784137744292,7.828660510003156],[2.6580667424365068,3.7745435202585913,4.267028459609605,1.881579546326243,2.9031695170438074,4.119410492089518,2.964040722392269,2.908571955995101,0.0,4.166110370937072,2.4835731072046965,4.4429560294970125,1.8334507350108464,2.381311446513882,2.397150324633198,3.31381818657814,3.5677051528572075,3.770254526265556,5.961018973115236,3.985009002106468,3.4573990103420305,2.832926389256395,3.119977344848609,3.133812565705819,2.1929748206603725,3.972771014379519,2.128586883962084,3.6698747867382493,2.2687353468363365,1.9385200432121104,3.285135772673379,7.95958980879568],[3.29562326346671,4.933309635819964,4.575409813382065,4.131105915555645,3.6966667304838925,6.300881637329765,1.913132655594216,2.09407717237996,4.166110370937072,0.0,4.604478393140379,5.851716806091118,4.564899576530312,4.588399592372963,3.248450356164141,3.697640111245293,3.2488900131269847,5.66178600886226,7.797303416417926,4.123129759682495,4.365675889577769,3.2607580063279418,2.4444615661581413,4.058966764941914,3.4948038218559705,3.814920112761859,4.6902481112237835,3.623516635746006,4.55861644896248,2.9593921565460466,3.9031544278496684,9.086866613958534],[3.105459070870254,5.275446612841337,4.230949170908789,2.813209402990456,3.8218997666600907,2.7766825275293754,3.265392678226356,3.5660059221476557,2.4835731072046965,4.604478393140379,0.0,3.201659715541688,1.5919738545264799,3.693889693529802,2.917383889702691,3.4326025514467458,2.820550863266168,2.87405640987684,4.889483541219591,4.512173378567959,3.019061101252869,3.101652193566873,3.8928453468630635,2.1398365130062684,2.655648727231092,4.879251348863906,1.8346050609739655,4.195164233099016,1.7077518059075218,2.7349897164362775,2.5668237439798536,6.5799669315348295],[4.445728501408902,6.3803995667082285,4.639867289021498,3.847136346996373,4.554352956835388,2.8178078040573107,4.812771478134931,4.3723954740593145,4.4429560294970125,5.851716806091118,3.201659715541688,0.0,3.792482099554129,5.287475035489566,4.0051559095738805,3.5915465439398404,3.6657323367672774,2.5008178701822774,2.8948479580945015,3.970333978327497,3.5310458886712,4.482528737053824,5.202249913305069,4.634217016917437,4.456405184539338,5.666988374142139,2.9456254222563065,5.355575011287819,3.0685798855011486,3.727845815924992,4.214820668087337,5.707352402477405],[2.7255522689146146,5.088916710951414,4.724101505283938,2.0475389470883267,4.023071013802766,3.2287834731986633,3.394512501534403,3.2994804153526274,1.8334507350108464,4.564899576530312,1.5919738545264799,3.792482099554129,0.0,3.8527755957365724,3.293244593229214,3.823930925746922,3.603670000812379,2.8507694362583678,5.2075502541739676,4.391477814323798,2.622860549440972,2.7921871771809643,4.0652750999644995,2.1254685868338843,2.5577793085139535,5.032884985965108,1.1012301514924097,4.675334613776253,1.1824988311619966,2.459859364057124,3.5210269204522824,6.849592239861444],[3.984144790922029,3.094107308824835,4.294140799378048,3.39516049394231,2.092934136789685,5.162612188737763,3.672239275995784,3.6429334750619353,2.381311446513882,4.588399592372963,3.693889693529802,5.287475035489566,3.8527755957365724,0.0,2.175818993315954,3.1336985763665677,3.8758746201754044,4.897315721174862,6.737455926944568,4.981650188584088,5.364061814222863,4.29604345868408,3.0535084649223023,4.795229230046681,3.6835411341382893,3.6763705322062856,4.03538192169528,3.0349464004711013,3.890480964729125,3.1348385318294203,3.4020220677976214,8.938351658013023],[2.8548450704303057,3.697988166890684,2.8205468178973803,3.002485525398948,1.161951105778255,4.382202500725202,2.188289552384109,2.361092423752638,2.397150324633198,3.248450356164141,2.917383889702691,4.0051559095738805,3.293244593229214,2.175818993315954,0.0,1.5096353625029895,1.942093083542038,3.999953852891082,5.8547505952586665,3.5201867656471446,4.1520270195681,3.2332345830585294,1.7115402919910288,3.8337886176188327,2.861548568196883,2.8711274720253446,3.200553519247158,2.0520342227020363,3.1153482612881302,1.9429233581664878,2.3255593231306424,8.02185777475522],[2.832462734347655,4.8226311944946705,2.33151322303729,3.1896275027017515,1.9092418211489064,4.740003519290925,2.745306982004649,2.765240575431742,3.31381818657814,3.697640111245293,3.4326025514467458,3.5915465439398404,3.823930925746922,3.1336985763665677,1.5096353625029895,0.0,1.890835764202711,4.039173418668549,5.703448390325832,3.4485448935688847,4.420000964147034,3.4082630059048187,2.8712525288404094,4.424310272235128,3.7451205363182507,4.010347839746904,3.560845506303288,2.381667002361858,3.1828662679910256,2.3192025885028977,3.417895912548823,8.155650995818577],[2.7363176829689064,5.464101934380205,2.228758657674801,3.7126548613218437,2.9193049549326484,4.524830737682597,2.005975379584123,2.980924108429345,3.5677051528572075,3.2488900131269847,2.820550863266168,3.6657323367672774,3.603670000812379,3.8758746201754044,1.942093083542038,1.890835764202711,0.0,4.246137585419073,5.931398378718199,3.5801335024414374,3.88703576814183,3.004819993274598,2.679712410137437,3.3035400549714793,3.119202180646712,4.078847282016698,3.530840103943822,2.4296457087252756,3.2449677646847235,2.5759444178693287,2.487129558722499,7.898718615276452],[4.535309585404098,5.398441877202959,5.529650200515715,3.4920278484783793,4.303687067483264,1.6746766033684664,4.941339426569573,3.9867968229759736,3.770254526265556,5.66178600886226,2.87405640987684,2.5008178701822774,2.8507694362583678,4.897315721174862,3.999953852891082,4.039173418668549,4.246137585419073,0.0,2.6939398565673995,4.99318511535304,3.7045722520102724,4.762936652090419,4.9429756871027015,4.289890435412118,4.559005014624853,5.326190584185311,2.168142726127352,5.840324634275713,2.5295681005019746,3.7353468562794223,4.1416460532472055,4.597740985608475],[6.754346486812245,7.021309860309653,6.937683239655654,5.669418810228844,6.034555189483684,2.619093575377228,7.0469386485726995,6.100582429892716,5.961018973115236,7.797303416417926,4.889483541219591,2.8948479580945015,5.2075502541739676,6.737455926944568,5.8547505952586665,5.703448390325832,5.931398378718199,2.6939398565673995,0.0,6.202247683818904,5.424583161848395,6.877205294739508,6.832449926302899,6.415675157209608,6.470982832354972,6.741937569934128,4.378566339837041,7.576629460366917,4.8302002657530085,5.8384409790664025,5.67219625321156,3.805409154464294],[3.295191023893688,5.675403539457301,3.8615737817388256,3.5061669057375133,4.03985179357095,5.507751240850069,3.2789512676214376,3.209775508298058,3.985009002106468,4.123129759682495,4.512173378567959,3.970333978327497,4.391477814323798,4.981650188584088,3.5201867656471446,3.4485448935688847,3.5801335024414374,4.99318511535304,6.202247683818904,0.0,3.1172017967248715,3.048817709423952,3.8678221345228527,4.665702476065399,3.123128255894793,4.407817080517539,3.7988227658116807,4.071631789592245,4.06081147026684,2.567319648144068,4.517477191059978,8.645857091854523],[3.0596106335648225,6.0491132012219495,5.143043544720407,2.819943747647987,4.9718065406543195,4.072993934470468,3.461777227848443,3.323024310475108,3.4573990103420305,4.365675889577769,3.019061101252869,3.5310458886712,2.622860549440972,5.364061814222863,4.1520270195681,4.420000964147034,3.88703576814183,3.7045722520102724,5.424583161848395,3.1172017967248715,0.0,2.460527592710164,4.555975541052728,2.731464425296525,2.4686222285620447,5.330710371240734,2.207372983810122,5.267640355857978,2.6499011606188643,2.6371839314574963,4.195944860526989,6.94469666520228],[1.1128255388794603,5.804381466201843,3.788170080570643,2.3137455774689237,4.154181468738848,5.317103733934743,1.9183135532705793,2.8312156833338635,2.832926389256395,3.2607580063279418,3.101652193566873,4.482528737053824,2.7921871771809643,4.29604345868408,3.2332345830585294,3.4082630059048187,3.004819993274598,4.762936652090419,6.877205294739508,3.048817709423952,2.460527592710164,0.0,3.719781412927963,2.545531664332587,1.9532708542150827,5.1235835487101795,2.9625675150761315,3.593352575441845,2.631610999876348,1.7614073751913835,4.071046106607595,8.738441862478288],[3.5117189466652334,3.3731195788406234,3.6726050803588155,3.9582190568367124,1.9495288630224263,5.21693452677894,2.099151962367305,2.378819652774087,3.119977344848609,2.4444615661581413,3.8928453468630635,5.202249913305069,4.0652750999644995,3.0535084649223023,1.7115402919910288,2.8712525288404094,2.679712410137437,4.9429756871027015,6.832449926302899,3.8678221345228527,4.555975541052728,3.719781412927963,0.0,4.119827747087484,3.0494482561724867,1.8559376649811283,4.072270087483671,2.5295314873226142,4.226756435988337,2.6688413849414236,2.4930843886160403,8.500811074015873],[2.8722129173879836,6.103512499964145,4.706495329652785,3.3759366857331337,4.84935131467627,4.334730149291303,2.89506678168859,3.69345252254645,3.133812565705819,4.058966764941914,2.1398365130062684,4.634217016917437,2.1254685868338843,4.795229230046681,3.8337886176188327,4.424310272235128,3.3035400549714793,4.289890435412118,6.415675157209608,4.665702476065399,2.731464425296525,2.545531664332587,4.119827747087484,0.0,2.3132658499125824,5.385676864438131,2.7727781685022754,4.641991696094435,2.6550609621944843,3.1174783277334046,3.3304071745753383,7.622620908005962],[2.5552706219573387,4.797046757467764,4.166676147123368,2.652868650595011,3.7840130809888426,4.641019623755549,2.141854114827377,2.853471401545724,2.1929748206603725,3.4948038218559705,2.655648727231092,4.456405184539338,2.5577793085139535,3.6835411341382893,2.861548568196883,3.7451205363182507,3.119202180646712,4.559005014624853,6.470982832354972,3.123128255894793,2.4686222285620447,1.9532708542150827,3.0494482561724867,2.3132658499125824,0.0,4.017765189170803,2.7191673740828115,3.60857199021353,2.9524649701537955,1.9474183574065818,2.8883452508062417,8.27807627153024],[5.0369338499877605,2.585488536469833,4.95050868875244,4.90667904852665,2.5812634492855095,5.394659150850313,3.7655095245655668,3.3603286377080788,3.972771014379519,3.814920112761859,4.879251348863906,5.666988374142139,5.032884985965108,3.6763705322062856,2.8711274720253446,4.010347839746904,4.078847282016698,5.326190584185311,6.741937569934128,4.407817080517539,5.330710371240734,5.1235835487101795,1.8559376649811283,5.385676864438131,4.017765189170803,0.0,4.809911115089371,3.9013572319633947,5.284190730290641,3.7950751084751477,3.0925608303325087,8.343708517630786],[2.9064264959675135,4.99894328381087,4.6288855845952535,1.9896079842421996,3.842946006190256,2.6825731907691868,3.5653928239066666,3.155632777302219,2.128586883962084,4.6902481112237835,1.8346050609739655,2.9456254222563065,1.1012301514924097,4.03538192169528,3.200553519247158,3.560845506303288,3.530840103943822,2.168142726127352,4.378566339837041,3.7988227658116807,2.207372983810122,2.9625675150761315,4.072270087483671,2.7727781685022754,2.7191673740828115,4.809911115089371,0.0,4.754275525766572,1.1815764951920296,2.2807862412556497,3.5611685726338873,6.288240195421287],[3.199278445021378,4.994776006076157,2.090372648777904,4.274696656394692,2.5637961264842386,6.0984784196203785,2.395828201309848,3.7354035150547036,3.6698747867382493,3.623516635746006,4.195164233099016,5.355575011287819,4.675334613776253,3.0349464004711013,2.0520342227020363,2.381667002361858,2.4296457087252756,5.840324634275713,7.576629460366917,4.071631789592245,5.267640355857978,3.593352575441845,2.5295314873226142,4.641991696094435,3.60857199021353,3.9013572319633947,4.754275525766572,0.0,4.479738985146703,3.1338726295151975,3.494620037733491,9.775287801319985],[2.419426925329975,5.410794591240218,4.294067831237241,1.6598832584013392,3.8419301707121516,3.2891487740562493,3.381844418784694,3.1383645523461134,2.2687353468363365,4.55861644896248,1.7077518059075218,3.0685798855011486,1.1824988311619966,3.890480964729125,3.1153482612881302,3.1828662679910256,3.2449677646847235,2.5295681005019746,4.8302002657530085,4.06081147026684,2.6499011606188643,2.631610999876348,4.226756435988337,2.6550609621944843,2.9524649701537955,5.284190730290641,1.1815764951920296,4.479738985146703,0.0,2.203917782179917,3.76410098359033,6.8382751916457645],[1.7210453018117957,4.315236012598068,3.5678782095126547,1.5456722319570846,2.658265948488889,4.427157754553953,1.8763125030093102,1.6076584139474681,1.9385200432121104,2.9593921565460466,2.7349897164362775,3.727845815924992,2.459859364057124,3.1348385318294203,1.9429233581664878,2.3192025885028977,2.5759444178693287,3.7353468562794223,5.8384409790664025,2.567319648144068,2.6371839314574963,1.7614073751913835,2.6688413849414236,3.1174783277334046,1.9474183574065818,3.7950751084751477,2.2807862412556497,3.1338726295151975,2.203917782179917,0.0,3.2495378788956093,7.926333285137783],[4.140393130396494,4.294000319235313,4.111283193473434,4.140176279294503,3.0652172725030047,3.7825633365825313,2.997356744495265,3.383784137744292,3.285135772673379,3.9031544278496684,2.5668237439798536,4.214820668087337,3.5210269204522824,3.4020220677976214,2.3255593231306424,3.417895912548823,2.487129558722499,4.1416460532472055,5.67219625321156,4.517477191059978,4.195944860526989,4.071046106607595,2.4930843886160403,3.3304071745753383,2.8883452508062417,3.0925608303325087,3.5611685726338873,3.494620037733491,3.76410098359033,3.2495378788956093,0.0,7.234182613985419],[8.699640759706446,8.528330938047986,9.413504637571464,7.852372700548325,8.22389941282668,4.186593444870578,8.744547714783709,7.828660510003156,7.95958980879568,9.086866613958534,6.5799669315348295,5.707352402477405,6.849592239861444,8.938351658013023,8.02185777475522,8.155650995818577,7.898718615276452,4.597740985608475,3.805409154464294,8.645857091854523,6.94469666520228,8.738441862478288,8.500811074015873,7.622620908005962,8.27807627153024,8.343708517630786,6.288240195421287,9.775287801319985,6.8382751916457645,7.926333285137783,7.234182613985419,0.0]],"trueNumClusters":0,"trueClusterLabels":null,"squaredDistanceMatrix":[[0.0,31.859286039407444,10.374510536182173,5.24787051817232,13.488675630798241,27.3543281867925,3.6709521766386146,7.835665393178659,7.0653188072470225,10.86113269470297,9.64387604085034,19.764501908239442,7.428635170585604,15.873409715031137,8.150140376160218,8.022845141468196,7.487434462128324,20.569033035458297,45.621196463912916,10.85828388394953,9.361217229022934,1.2383806799823611,12.332169960367576,8.249607042810391,6.529407951438245,25.370702609152524,8.447314976462,10.235382568778407,5.853626647011657,2.9619969308884553,17.14285527423448,75.68374934794575],[31.859286039407444,0.0,39.65384893619721,22.44730774066868,9.347798341021027,31.925734563814085,24.18537822078297,15.773497040389515,14.247178786326117,24.33754396287411,27.830336964939143,40.709498630850554,25.89707329100056,9.573500038523264,13.675116482463523,23.25777163811309,29.856409949297493,29.143174701538612,49.29879215448156,32.21020533568446,36.59177052119767,33.69084420518745,11.377935693157946,37.25286483721857,23.01165759333199,6.684750972216919,24.989433954757803,24.947787350874087,29.276698108594392,18.621261844423273,18.438438741592975,72.73242858886645],[10.374510536182173,39.65384893619721,0.0,20.742627234062496,11.892000494423336,33.90063149061139,9.932199752108042,19.08251846468875,18.207531875118324,20.934374960392905,17.90093088681377,21.52836845973171,22.317135032225973,18.43964520488314,7.955484351951037,5.435953909197733,4.9673651541603805,30.57703134006349,48.131448733798976,14.911752071812696,26.450896902890246,14.350232559330593,13.48802807627738,22.15109828804348,17.361190115006835,24.5075362774134,21.42658175527374,4.369657810758752,18.4390185392665,12.729754917915228,16.902649496937116,88.61406956157944],[5.24787051817232,22.44730774066868,20.742627234062496,0.0,12.512948281007732,19.15376580783178,10.165763118965545,6.356246722436837,3.540341589153271,17.066036085538844,7.914147145073918,14.800458072380597,4.192415739843574,11.52711477962659,9.014919330230198,10.173723605991412,13.78380611929672,12.19425849454854,32.14230964577665,12.293206370888969,7.952082739898974,5.3534185972570025,15.667498101905315,11.396948506078816,7.037712077309794,24.07549928525039,3.9585399309603093,18.273031504191962,2.755212431521047,2.3891026486431954,17.14105962363288,61.65975702831659],[13.488675630798241,9.347798341021027,11.892000494423336,12.512948281007732,0.0,23.013320671554233,9.523947445148568,7.419265770594845,8.428393244692373,13.665344916266472,14.606917826396456,20.74213085543525,16.185100382100014,4.380373300939583,1.3501303722193094,3.645204331623993,8.522341419894312,18.521722374822698,36.415856334924456,16.32040251401842,24.71886027769307,17.25722367521325,3.8006627877575143,23.516208173152467,14.318754997094674,6.662920994617327,14.768234006493639,6.573050578175586,14.760427436628303,7.066377852895532,9.395556927650759,67.63252155229102],[27.3543281867925,31.925734563814085,33.90063149061139,19.15376580783178,23.013320671554233,0.0,28.72898996681851,23.54569809776373,16.969542802337205,39.70110940763942,7.709965858686919,7.940040820606282,10.425042716800824,26.652564611303724,19.203698757362215,22.467633362890354,20.474093204677242,2.8045417258697434,6.859651156582271,30.335323731085467,16.589279590233225,28.271592117422784,27.216405856698202,18.789885467175008,21.539063148084104,29.102347353853016,7.196198923833575,37.19143903457547,10.818499657875728,19.599725783707196,14.307785395258373,17.527564672633293],[3.6709521766386146,24.18537822078297,9.932199752108042,10.165763118965545,9.523947445148568,28.72898996681851,0.0,4.925964757928592,8.785537403999683,3.6600765579009775,10.662789343014293,23.162769300749094,11.52271512307335,13.48534130016604,4.788611165073442,7.5367104254434745,4.023937223497668,24.41683532857091,49.65934431674762,10.751521415436232,11.983901575250052,3.679926888661596,4.406438961110506,8.38141167043673,4.587539049202966,14.179061979594001,12.712025988765154,5.7399927701915825,11.436871672865186,3.5205486089490625,8.984147453771254,76.46711473612899],[7.835665393178659,15.773497040389515,19.08251846468875,6.356246722436837,7.419265770594845,23.54569809776373,4.925964757928592,0.0,8.45979082320117,4.385159203882848,12.716398236792152,19.117842181574375,10.886571011295548,13.27096430372683,5.574757433502107,7.646555440014072,8.885908540215286,15.894548907691318,37.21710598391572,10.302658813670055,11.042490568008567,8.015782245555636,5.658782940424228,13.641591536304734,8.142299039439319,11.291808553401033,9.958018225184114,13.953239420283035,9.849332063422622,2.584565575936089,11.449995090849882,61.28792538088288],[7.0653188072470225,14.247178786326117,18.207531875118324,3.540341589153271,8.428393244692373,16.969542802337205,8.785537403999683,8.45979082320117,0.0,17.35647562282943,6.1681353788303905,19.739858280043862,3.3615415977118133,5.670644205298038,5.746329678889047,10.981390973696033,12.72852005772387,14.214819192825914,35.53374719783982,15.880296746869588,11.953607916714052,8.025471926945277,9.734258632368576,9.820781196975688,4.809138564050394,15.782909532694074,4.530882122575414,13.467980950337111,5.147160073984591,3.757859957935082,10.792117044898317,63.35506992428404],[10.86113269470297,24.33754396287411,20.934374960392905,17.066036085538844,13.665344916266472,39.70110940763942,3.6600765579009775,4.385159203882848,17.35647562282943,0.0,21.20122127289661,34.242589578689234,20.83830814380662,21.053410819288374,10.552429716462933,13.672542392290103,10.55528631739626,32.05582081014843,60.79794056768266,17.00019901517943,19.059125972840643,10.632542775831773,5.975392348424312,16.47521119890303,12.213653753259099,14.553615466754954,21.998427344838266,13.129872809528052,20.780983928751294,8.75800193622626,15.234614487642471,82.57114485987422],[9.64387604085034,27.830336964939143,17.90093088681377,7.914147145073918,14.606917826396456,7.709965858686919,10.662789343014293,12.716398236792152,6.1681353788303905,21.20122127289661,0.0,10.25062493412248,2.5343807534958978,13.644821067965694,8.511128759896804,11.782760276198708,7.955507172271528,8.26020024715415,23.907049299857274,20.35970859825739,9.114729933098186,9.620246329858194,15.154244894593406,4.578900302394826,7.052470162444118,23.807093725390246,3.3657757297512876,17.599402942673255,2.9164162305804022,7.480168749012191,6.588584132658753,43.29596482009188],[19.764501908239442,40.709498630850554,21.52836845973171,14.800458072380597,20.74213085543525,7.940040820606282,23.162769300749094,19.117842181574375,19.739858280043862,34.242589578689234,10.25062493412248,0.0,14.382920475438496,27.957392250925388,16.04127385999458,12.899206577286211,13.437593564821283,6.254090019823023,8.380144700483905,15.763551899461849,12.468285067901784,20.093063878513348,27.0634041604826,21.47596735988715,19.859547168789092,32.114757232662164,8.676709128242644,28.682183701530516,9.416182513702243,13.896834427309468,17.764713264136184,32.573871446064615],[7.428635170585604,25.89707329100056,22.317135032225973,4.192415739843574,16.185100382100014,10.425042716800824,11.52271512307335,10.886571011295548,3.3615415977118133,20.83830814380662,2.5343807534958978,14.382920475438496,0.0,14.843879791103301,10.84545995083345,14.622447724883713,12.986437474755093,8.126886378704853,27.118579649747353,19.285077393698124,6.879397461813797,7.796309232413803,16.526461638391375,4.517616713617629,6.542234991062118,25.32993128195301,1.2127078465559957,21.85875375077435,1.398303485699488,6.050908090939517,12.397630574549684,46.91691385237011],[15.873409715031137,9.573500038523264,18.43964520488314,11.52711477962659,4.380373300939583,26.652564611303724,13.48534130016604,13.27096430372683,5.670644205298038,21.053410819288374,13.644821067965694,27.957392250925388,14.843879791103301,0.0,4.73418829167445,9.820066767521853,15.022404071319835,23.983701272866455,45.39331236752049,24.81683860141988,28.773159146803874,18.455989398902272,9.323913945352155,22.994223368694087,13.568475286888795,13.51570029007473,16.284307253945094,9.210899653732495,15.135842136919663,9.827212620642436,11.573754149782003,79.89413036230414],[8.150140376160218,13.675116482463523,7.955484351951037,9.014919330230198,1.3501303722193094,19.203698757362215,4.788611165073442,5.574757433502107,5.746329678889047,10.552429716462933,8.511128759896804,16.04127385999458,10.84545995083345,4.73418829167445,0.0,2.2789989277195324,3.7717255451418215,15.999630825258212,34.27810453268171,12.391714865037306,17.23932837122356,10.453805869085661,2.9293701711087357,14.69793516458372,8.18846020814963,8.243372960618647,10.243542829565367,4.210844451140351,9.705394789110976,3.774951175708942,5.408226165399852,64.35020215840078],[8.022845141468196,23.25777163811309,5.435953909197733,10.173723605991412,3.645204331623993,22.467633362890354,7.5367104254434745,7.646555440014072,10.981390973696033,13.672542392290103,11.782760276198708,12.899206577286211,14.622447724883713,9.820066767521853,2.2789989277195324,0.0,3.57525988718805,16.314921906078567,32.52932354111032,11.892461882960031,19.53640852306071,11.61625671741935,8.244091084372446,19.574521385005273,14.025927831552703,16.082889795762664,12.679620719760322,5.672337710139318,10.13063767991512,5.378700646518541,11.682012469017952,66.51464316559657],[7.487434462128324,29.856409949297493,4.9673651541603805,13.78380611929672,8.522341419894312,20.474093204677242,4.023937223497668,8.885908540215286,12.72852005772387,10.55528631739626,7.955507172271528,13.437593564821283,12.986437474755093,15.022404071319835,3.7717255451418215,3.57525988718805,0.0,18.029684394308514,35.18148672706088,12.817355895303592,15.109047062813946,9.028943191982755,7.1808586010445925,10.913376894800965,9.729422243751204,16.636995150015,12.466831839618019,5.903178269927146,10.529815793842971,6.635489643952155,6.185813441871173,62.389755763314746],[20.569033035458297,29.143174701538612,30.57703134006349,12.19425849454854,18.521722374822698,2.8045417258697434,24.41683532857091,15.894548907691318,14.214819192825914,32.05582081014843,8.26020024715415,6.254090019823023,8.126886378704853,23.983701272866455,15.999630825258212,16.314921906078567,18.029684394308514,0.0,7.257311950802381,24.931897596183155,13.723855570364462,22.68556555182629,24.43300864328842,18.403159947840365,20.784526723374558,28.368306139064266,4.7008428808589455,34.109391833727734,6.398714775077169,13.952816136716564,17.153232030378156,21.13922217074399],[45.621196463912916,49.29879215448156,48.131448733798976,32.14230964577665,36.415856334924456,6.859651156582271,49.65934431674762,37.21710598391572,35.53374719783982,60.79794056768266,23.907049299857274,8.380144700483905,27.118579649747353,45.39331236752049,34.27810453268171,32.52932354111032,35.18148672706088,7.257311950802381,0.0,38.467876331436955,29.426102479809135,47.29595266599313,46.68237199543648,41.16088772283653,41.87361881663277,45.4537221968893,19.171843192353943,57.40531397969987,23.330834607280433,34.08739306604185,32.173810334947255,14.481138832880653],[10.85828388394953,32.21020533568446,14.911752071812696,12.293206370888969,16.32040251401842,30.335323731085467,10.751521415436232,10.302658813670055,15.880296746869588,17.00019901517943,20.35970859825739,15.763551899461849,19.285077393698124,24.81683860141988,12.391714865037306,11.892461882960031,12.817355895303592,24.931897596183155,38.467876331436955,0.0,9.716947041504767,9.295289425297113,14.960048064304917,21.768779595162798,9.75393010276845,19.42885141530216,14.431054406049107,16.578185430018145,16.490189797050732,6.5911301757465806,20.40760017174715,74.75084485277115],[9.361217229022934,36.59177052119767,26.450896902890246,7.952082739898974,24.71886027769307,16.589279590233225,11.983901575250052,11.042490568008567,11.953607916714052,19.059125972840643,9.114729933098186,12.468285067901784,6.879397461813797,28.773159146803874,17.23932837122356,19.53640852306071,15.109047062813946,13.723855570364462,29.426102479809135,9.716947041504767,0.0,6.054196034488074,20.756913130670696,7.460897906660477,6.094095707350637,28.416473062053523,4.872495489654801,27.74803491866356,7.021976161049205,6.954739088337617,17.605953272582852,48.22881177167167],[1.2383806799823611,33.69084420518745,14.350232559330593,5.3534185972570025,17.25722367521325,28.271592117422784,3.679926888661596,8.015782245555636,8.025471926945277,10.632542775831773,9.620246329858194,20.093063878513348,7.796309232413803,18.455989398902272,10.453805869085661,11.61625671741935,9.028943191982755,22.68556555182629,47.29595266599313,9.295289425297113,6.054196034488074,0.0,13.836773759964354,6.479731454119832,3.8152670299261193,26.251108380613594,8.776806281384363,12.912182731434541,6.925376454670194,3.102555941378599,16.573416402124852,76.36036618391302],[12.332169960367576,11.377935693157946,13.48802807627738,15.667498101905315,3.8006627877575143,27.216405856698202,4.406438961110506,5.658782940424228,9.734258632368576,5.975392348424312,15.154244894593406,27.0634041604826,16.526461638391375,9.323913945352155,2.9293701711087357,8.244091084372446,7.1808586010445925,24.43300864328842,46.68237199543648,14.960048064304917,20.756913130670696,13.836773759964354,0.0,16.972980665671937,9.299134667073421,3.444504616295603,16.583383665414264,6.398529545356557,17.86546996916883,7.122714337976055,6.215469768761016,72.2637889161109],[8.249607042810391,37.25286483721857,22.15109828804348,11.396948506078816,23.516208173152467,18.789885467175008,8.38141167043673,13.641591536304734,9.820781196975688,16.47521119890303,4.578900302394826,21.47596735988715,4.517616713617629,22.994223368694087,14.69793516458372,19.574521385005273,10.913376894800965,18.403159947840365,41.16088772283653,21.768779595162798,7.460897906660477,6.479731454119832,16.972980665671937,0.0,5.351198892371782,29.005515288144142,7.688298771722833,21.54808690660969,7.049348712969101,9.718671123887466,11.091611948462887,58.104349507169644],[6.529407951438245,23.01165759333199,17.361190115006835,7.037712077309794,14.318754997094674,21.539063148084104,4.587539049202966,8.142299039439319,4.809138564050394,12.213653753259099,7.052470162444118,19.859547168789092,6.542234991062118,13.568475286888795,8.18846020814963,14.025927831552703,9.729422243751204,20.784526723374558,41.87361881663277,9.75393010276845,6.094095707350637,3.8152670299261193,9.299134667073421,5.351198892371782,0.0,16.142437115312703,7.393871208276412,13.021791808553635,8.717049399985253,3.792438258764149,8.342538287854971,68.526546757272],[25.370702609152524,6.684750972216919,24.5075362774134,24.07549928525039,6.662920994617327,29.102347353853016,14.179061979594001,11.291808553401033,15.782909532694074,14.553615466754954,23.807093725390246,32.114757232662164,25.32993128195301,13.51570029007473,8.243372960618647,16.082889795762664,16.636995150015,28.368306139064266,45.4537221968893,19.42885141530216,28.416473062053523,26.251108380613594,3.444504616295603,29.005515288144142,16.142437115312703,0.0,23.135244935060282,15.22058825139308,27.922671674089536,14.402595078967654,9.563932489306897,69.61747182718452],[8.447314976462,24.989433954757803,21.42658175527374,3.9585399309603093,14.768234006493639,7.196198923833575,12.712025988765154,9.958018225184114,4.530882122575414,21.998427344838266,3.3657757297512876,8.676709128242644,1.2127078465559957,16.284307253945094,10.243542829565367,12.679620719760322,12.466831839618019,4.7008428808589455,19.171843192353943,14.431054406049107,4.872495489654801,8.776806281384363,16.583383665414264,7.688298771722833,7.393871208276412,23.135244935060282,0.0,22.60313577490302,1.39612301399028,5.201985878301075,12.68192160271528,39.541964755311945],[10.235382568778407,24.947787350874087,4.369657810758752,18.273031504191962,6.573050578175586,37.19143903457547,5.7399927701915825,13.953