{"instance":{"instanceName":"USArrests.txt","coordinates":[[1.2425640838811214,0.782839347089919,-0.5209066145816321,-0.003416473015162027],[0.5078624821775767,1.1068225226176314,-1.2117641936023604,2.484202941149971],[0.07163340616609593,1.4788032056309217,0.9989800592639786,1.0428783878783308],[0.23234938153874746,0.23086801100567225,-1.0735926777982205,-0.18491660194566564],[0.2782682316452185,1.2628144219457815,1.758923396186781,2.067820292427051],[0.025714556059624378,0.3988592872052255,0.8608085434598325,1.8649672071517909],[-1.0304189963892207,-0.7290821387060619,0.7917227855577594,-1.0817407684257998],[-0.4334739450050921,0.806838100832713,0.44629399604739334,-0.5799462943238207],[1.7476714350523117,1.9707776573581925,0.9989800592639786,1.1389666914297707],[2.206859936117032,0.4828549253050026,-0.38273509877748607,0.4877015229144365],[-0.5712304953245073,-1.4970422584754517,1.2062373329702005,-0.11018125473898764],[-1.1911349717618709,-0.6090883699920948,-0.7972496461899252,-0.7507699450819417],[0.5997001823905208,0.9388312464180761,1.2062373329702005,0.29552491581154944],[-0.13500141931302687,-0.6930840080918719,-0.037306309267119926,-0.02476942935992711],[-1.282972671974821,-1.3770484897614819,-0.5899923724837061,-1.0603878120810397],[-0.4105145199518571,-0.6690852543490787,0.03177944863495331,-0.3450637745314037],[0.43898420701786967,-0.7410815155774589,-0.9354211619940723,-0.5265639034619076],[1.7476714350523117,0.9388312464180761,0.03177944863495331,0.10334830870866342],[-1.3059320970280508,-1.0530653142337714,-1.0045069198961405,-1.4340645481144298],[0.8063350078696429,1.550799466859302,0.10086520653702614,0.7012310863620875],[-0.7778653208036305,-0.26110644072159134,1.3444088487743406,-0.5265639034619076],[0.9900104082955301,1.0108275076464512,0.5844655118515394,1.4806139929460107],[-1.168175546708641,-1.1850584598191316,0.03177944863495331,-0.6760345978752637],[1.908387410424962,1.0588250151320413,-1.4881072252106606,-0.44115207808284673],[0.2782682316452185,0.086875488548912,0.30812248024324623,0.7439369990516176],[-0.4105145199518571,-0.7410815155774589,-0.8663354040919983,-0.5158874252895247],[-0.8008247458568665,-0.825077153677235,-0.24456358297334002,-0.5052109471171427],[1.0129698333487611,0.9748293770322662,1.0680658171660504,2.644350113735711],[-1.3059320970280508,-1.3650491128900817,-0.6590781303857792,-1.2525644191839198],[-0.08908256920655483,-0.1411126720076252,1.6207518803826406,-0.2596519491523437],[0.829294432922879,1.3708088137883518,0.30812248024324623,1.1603196477745408],[0.7604161577631708,0.9988281307750593,1.4134946066764207,0.5197309574315836],[1.1966452337746514,1.9947764111009825,-1.4190214673085806,-0.5479168598066727],[-1.6044046227201212,-1.5090416353468419,-1.4881072252106606,-1.4874469389763398],[-0.11204199425979085,-0.6090883699920948,0.6535512697536124,0.017936483329602997],[-0.2727579696324419,-0.2371076869787983,0.16995096443910016,-0.13153421108375263],[-0.6630681955374513,-0.1411126720076252,0.10086520653702614,0.8613782589478257],[-0.341636244792149,-0.777079646191649,0.44629399604739334,-0.6760345978752637],[-1.0074595713359906,0.03887798106332533,1.4825803645784907,-1.3806821572525099],[1.5180771845199517,1.2988125525599716,-1.2117641936023604,0.13537774322581142],[-0.9156218711230456,-1.0170671836195813,-1.4190214673085806,-0.9002406394952968],[1.2425640838811214,0.20686925726287922,-0.4518208566795591,0.6051427828106436],[1.1277669586149413,0.36286115659103546,0.9989800592639786,0.4556720883972885],[-1.0533784214424606,-0.6090883699920948,0.9989800592639786,0.17808365591534142],[-1.282972671974821,-1.4730435047326518,-2.317136320035541,-1.0710642902534198],[0.1634711063790394,-0.17711080262181525,-0.175477825071266,-0.05679886387707482],[-0.8697030210165736,-0.3091039482071784,0.5153797539494663,0.5304074356039665],[-0.4793927951115642,-1.0770640679765613,-1.833536014721021,-1.2739173755286899],[-1.1911349717618709,-1.4130466203756717,0.03177944863495331,-1.1137702029429497],[-0.22683911952596994,-0.11711391826483117,-0.38273509877748607,-0.6012992506685857]],"numPoints":50,"numDimensions":4,"numClusters":9,"regularDistanceMatrix":[[0.0,2.7037540727278504,2.2935197364912856,1.2898101728405464,3.263110353580167,2.651067297151132,3.2152974808856998,2.0192927154113502,2.298135257322969,1.1314351053677505,3.388530041940387,2.9146623383073846,1.8734993029126787,2.0761410525314923,3.4878951570409336,2.294109561860845,1.847587875629199,0.7722224497860481,3.485111458714659,1.2896460494211426,2.9874810123282987,1.8814770586435727,3.231433794973631,1.283190660922881,1.6309686187389019,2.331727083444987,2.662516957372294,3.1024304953122304,3.561982535024721,2.6980229558989897,1.5993970417221641,2.072367992448567,1.6043662137503738,4.0614988242179955,2.2698519042746663,1.957087434804162,2.3705678315383856,2.516133961072136,3.3951297182609466,0.9157968368251723,3.0835586600451586,0.84074892457352,1.646322528855547,3.090600678746437,3.979152719202311,1.4859733080720599,2.648182373930079,3.1243470824932635,3.5047330234396292,1.8291027411274328],[2.7037540727278504,0.0,2.7006428965596516,2.8260386193666287,3.012541494953763,2.3265186889490437,4.739912493738557,3.621363337194144,2.996764160493072,2.819438785303114,4.530134014650877,4.058055497962244,3.2670626123730906,3.3655952212334905,4.725190954968198,3.680817258292295,3.5440902944055086,2.963143074418375,4.832260541223418,2.2777589759865293,4.372992481961149,2.1154937005983485,4.42666059294602,3.255432581860094,2.5360572790739613,3.6575987898953093,3.9136902070365944,2.344318157071729,4.865068586126393,4.179183247092154,2.0580888553942565,3.290376891934552,3.2403070613489446,5.211025413177515,3.5903347713115177,3.3416663995059874,2.6990696162332184,4.123953653000526,5.062957227920509,2.564054158326111,4.246719806677524,2.336254112325972,3.152790453899262,3.948088101831777,4.870787604998838,3.0492080634385874,3.2715252680408304,4.5004557697284975,4.871154317209143,3.4993456346364322],[2.2935197364912856,2.7006428965596516,0.0,2.717758297232251,1.3104842192151325,1.3650306964657588,3.2628575403401534,1.9093696268433733,1.749392836816401,2.7871963405262927,3.262120834521479,3.5210070583483035,1.0825511658127873,2.6407486286071107,4.1157512837582475,2.7762838339353686,3.35676808507719,2.2178518845663864,4.296190324147774,1.211735562116879,2.516228093608289,1.1940905920007938,3.5388450214831644,3.4551405958588832,1.595873074253073,3.3270869294699863,3.1641790904297418,1.926029184544962,4.243041051640472,2.175578670558228,1.0376847614531042,1.0725219323538817,3.147894671615715,4.931984356052629,2.3585705078716095,2.264837699211166,2.0008664322392353,2.9188907109750564,3.057015092807942,2.7992041388147757,4.10200986341103,2.29898464080817,1.6448574332062271,2.5244430617955413,5.1003664687849595,2.310655046953913,2.1399116785773598,4.497418961306179,3.9425866582691325,2.6923027690057366],[1.2898101728405464,2.8260386193666287,2.717758297232251,0.0,3.7636408915435475,2.8310511714881605,2.6076394746291394,1.8003239168936065,3.372196795595892,2.211761440910808,2.9723096689275725,1.7687255024812383,2.462642378334141,1.4450503447878387,2.42526606671929,1.5718411276095952,1.0598103980141476,2.025427625260925,2.362189265136182,2.0582243791571293,2.688127018412933,2.589505004948077,2.330099197297411,1.9318631432382802,1.671750034354938,1.2290065668961832,1.7240494992754374,3.708678748751277,2.4949860811867266,2.7398478238427573,2.318319601293934,2.747862552829021,2.071793804990235,2.875649220355866,1.9617104096868885,1.4224574369429208,1.847762572378119,1.9739985729841418,3.088342969467173,1.7074195039658344,1.8724822493794577,1.4254486009634417,2.3505544980764257,2.604985536036314,2.7442984340213963,0.9971034914463193,2.131340208006358,1.9951691180076683,2.6102451167165044,0.9912639442937429],[3.263110353580167,3.012541494953763,1.3104842192151325,3.7636408915435475,0.0,1.2876185369863258,4.066389807482651,3.0737851537580467,2.0250038529093257,3.3780584976841803,3.65890825349863,4.487943558713971,1.911746945448448,3.4061273275540387,4.970859139541457,3.607172545680717,4.246380871664635,3.0176625494888274,5.269984267725659,2.231258148364682,3.2156499408635932,1.5146738563890412,4.312313430610011,4.420073577146932,2.2891751019220328,4.249417600842397,4.019724209567909,1.19682607716751,5.127089179514594,2.7463022956559464,1.8010200945328887,1.6787069495106095,4.280256893762409,5.8660698957562145,3.0133425466757147,3.148871199065252,2.65740190687965,3.71445621461279,3.888399543673887,3.754695868792393,5.052915293561096,3.011926680743702,2.1698155852596326,3.070166331300698,6.032350370104929,3.215972275448671,2.7746719521118144,5.488356478903471,4.735496002299052,3.7242765612547166],[2.651067297151132,2.3265186889490437,1.3650306964657588,2.8310511714881605,1.2876185369863258,0.0,3.3279919885980034,2.554745609956739,2.445859965767225,2.8649104682855633,2.823352362072168,3.476768479903347,1.7898322185167361,2.3655622225905715,3.94068978471595,2.627228107846596,3.2274012837018256,2.6546742913707018,4.2713440691465285,1.9667562384417598,2.6522793383938676,1.2363108257465631,3.3283852571545323,3.849104218469813,1.3127405919003126,3.1845338492452635,3.003461278225792,1.398859470958378,4.112628672168599,2.322986984761948,1.5467438598988814,1.7363385352043013,3.864927491808895,4.801401916395823,2.1188235931886172,2.2263966287148182,1.5331979806679614,2.8541708899665252,3.48107387346011,3.2131136859415528,3.966731822682541,2.197211065699758,1.7947198842467158,2.2461227964996913,4.892473488171133,2.2622538939942993,1.789792002577111,4.4210374583536645,3.7846917430155433,2.821149187642079],[3.2152974808856998,4.739912493738557,3.2628575403401534,2.6076394746291394,4.066389807482651,3.3279919885980034,0.0,1.756847494650212,4.470070084845811,3.9738226887843267,1.3843290879404975,1.6354214148130828,2.7400559615263544,1.614789817412031,1.5470088809887568,1.2280423668205753,2.3346385857739054,3.5329409139723866,1.8792141355198795,3.4968268811899192,0.9468198608081807,3.7037869886663604,0.9843793195348359,4.176263142532232,2.438322717824211,1.858432810503386,1.2116949431430317,4.586814918460222,1.616899959254543,1.6108822519822041,3.623365868460484,3.0239173823013394,4.189460418911639,2.5099838028277657,1.4443670753580444,1.451062297687979,2.175695395428297,0.8721490612663869,1.0756114675843758,4.012795435857997,2.239742443774855,3.230237453252066,2.8734475193311906,1.2825906585499438,3.2066151622557526,1.927700407804014,1.6963486104305214,2.711759007425266,1.0354597031919777,1.6218572980973514],[2.0192927154113502,3.621363337194144,1.9093696268433733,1.8003239168936065,3.0737851537580467,2.554745609956739,1.756847494650212,0.0,3.0614170243951837,2.9838715125732564,2.474880733472087,2.03825403521144,1.5584719064232329,1.6973340237340446,2.606860605649746,1.5510863914335746,2.251493909277665,2.326699633381399,2.6560808025299614,1.9624834478721844,1.4382527357536725,2.516529246290823,2.165292964930691,3.0510627545662485,1.6723281470356377,2.030685045712023,1.8113430308478844,3.5920896700083276,2.674423297825083,1.5808718724422464,2.227164982297819,1.8992105802977086,2.7475286401671917,3.3615239266306958,1.5838515280988408,1.1802928874408838,1.7742777978919815,1.589484996657259,1.6230494769335309,2.7039667363456483,2.6722813015654965,2.319506951263453,2.003136541840872,1.808093089589946,3.714465267072856,1.4088230089339182,1.6350170369395651,3.038160078400799,2.4410507332602713,1.258622450739711],[2.298135257322969,2.996764160493072,1.749392836816401,3.372196795595892,2.0250038529093257,2.445859965767225,4.470070084845811,3.0614170243951837,0.0,2.181295769434661,4.359633849336382,4.699982715493522,1.771186325136975,3.6150777648139947,5.26827649575873,3.8424557582471843,3.9474982814411175,1.752967726708974,5.394679849936814,1.4355203580125502,3.7753086951378676,1.335701954047984,4.7635251569510375,3.088667306908393,2.5182465741420366,4.269647610244927,4.30828942919869,1.9500388485177367,5.377807432916921,3.190059613040299,1.296579760188252,1.573096967461717,2.999418829142572,6.035661349475448,3.3897304515751157,3.3553471439489977,3.3399718496270996,3.938986913710432,4.231487066930096,2.5295911824804174,5.101514084022677,2.399228530851114,1.8537984107986787,3.927452765544732,6.076641562654584,3.151558678371593,3.557066600701872,5.300406691748506,5.108537009338623,3.6325811056172794],[1.1314351053677505,2.819438785303114,2.7871963405262927,2.211761440910808,3.3780584976841803,2.8649104682855633,3.9738226887843267,2.9838715125732564,2.181295769434661,0.0,3.810521815746177,3.800571462447836,2.313577774051654,2.6924142528004267,4.251788860292574,3.00714741431643,2.440819789430215,0.8592544374122986,4.333421728801311,1.8388691492992126,3.6706707757775776,1.9185489348486973,3.962184200596405,1.582859419831524,2.102190878729332,3.0967288365078662,3.429550992525852,2.902304064124634,4.342735108529094,3.198934953718516,1.9015383667031203,2.363449807406994,2.3351306593579464,4.859675753606377,2.8043207649748543,2.712151526064509,2.9998877648523363,3.181798062017442,4.183207474792557,1.3970074495769282,3.8729745484813094,1.0122252076859926,1.7575559226555344,3.7183994284870905,4.709153771775822,2.2249559366999203,3.301646948147055,3.854533103073346,4.228161073519137,2.7329062171169696],[3.388530041940387,4.530134014650877,3.262120834521479,2.9723096689275725,3.65890825349863,2.823352362072168,1.3843290879404975,2.474880733472087,4.359633849336382,3.810521815746177,0.0,2.3658101390093127,2.7329756458262184,1.546072651973736,2.1564575319082846,1.4648766315301642,2.520334503362943,3.568715748149604,2.7160557977744304,3.614866999416245,1.3276675693278117,3.4123472332925076,1.4673849573345632,4.477722273982043,2.183247992466498,2.248880058335514,1.6628657124094506,4.02819742459165,2.3112009229552983,1.5050499874168979,3.550608775872589,2.9055802830351927,4.733051705097418,3.1974905982256763,1.1494312623486616,1.6585735917931086,2.003186120451609,1.211925560517602,2.059098055797446,4.253121360769719,2.804489096446982,3.0747374957843743,2.5901696170929323,1.0709719729998732,3.7208347145282583,2.047923814333274,1.5452900511818914,3.2831874158871415,1.6666970109054706,2.1883413624526016],[2.9146623383073846,4.058055497962244,3.5210070583483035,1.7687255024812383,4.487943558713971,3.476768479903347,1.6354214148130828,2.03825403521144,4.699982715493522,3.800571462447836,2.3658101390093127,0.0,3.272894544560171,1.492335073631255,0.8584961909093253,1.2103117998290998,1.6565236021215015,3.5283771718913455,0.8486112178288797,3.401458374184668,2.2201019538871396,3.777530102649334,1.012493600850099,3.6002946373885645,2.4697181728518696,0.8286936227065635,0.7515013859462437,4.730022770861828,0.9249562620962958,2.742526029104402,3.588347643063066,3.5910318822671314,3.5929591814981476,1.4144556804826032,1.9647326853488607,1.5168110831730863,1.9757246504766954,1.517186645826179,2.4592704848925457,3.4549958717095364,0.8070290372831268,2.9234394669971993,3.317218048279461,2.0268663088611794,1.7797462198041865,1.699928911670517,1.886192083316294,1.4398440372183947,1.2105400842736014,1.168789609081401],[1.8734993029126787,3.2670626123730906,1.0825511658127873,2.462642378334141,1.911746945448448,1.7898322185167361,2.7400559615263544,1.5584719064232329,1.771186325136975,2.313577774051654,2.7329756458262184,3.272894544560171,0.0,2.2027081284513645,3.738007023726332,2.3228504925071083,2.8478882787922895,1.653517815849797,3.9342033701886834,1.3429996607032215,2.0080982453960488,1.3959089699394833,3.155878845664207,3.086947741197242,1.355297309600668,2.9659043090512522,2.7962196155616823,2.389175348942382,3.84906241328061,1.456277517250738,1.3393275759530814,0.3502187566016232,3.01243114153476,4.613961515916284,1.8124980792298702,1.843986045928183,2.074343362867729,2.313418730901621,2.505776122627355,2.6163679707193914,3.800470842696707,1.9478353455149788,0.8241351581620358,2.277163155408052,4.862440215429988,1.8624959831550822,2.0612961982116564,4.114808219574002,3.479063682010551,2.2643573885026975],[2.0761410525314923,3.3655952212334905,2.6407486286071107,1.4450503447878387,3.4061273275540387,2.3655622225905715,1.614789817412031,1.6973340237340446,3.6150777648139947,2.6924142528004267,1.546072651973736,1.492335073631255,2.2027081284513645,0.0,1.7786547523977798,0.42877117242015966,1.1790552331792346,2.495754689711935,2.1029158199348377,2.5430877756987145,1.661569464919143,2.611847145492164,1.3184865567529462,3.085906826689925,1.2203930688540987,1.0033430895463986,0.857042893990969,3.5278633378356075,1.9278735665636235,1.7638332276670619,2.5909992744526398,2.462852673608595,3.343754843538589,2.6587932259765665,0.6976319888649009,0.5303259079965729,1.178081478202367,0.8412899579468283,2.3335608857696295,2.846984232086902,1.8411735403124072,1.8100315744404536,2.0035762168433404,1.401966617672868,2.8667983234386223,0.61272461172304,1.1405745770443052,2.2478562792772374,1.6806129151306834,0.8898783012505487],[3.4878951570409336,4.725190954968198,4.1157512837582475,2.42526606671929,4.970859139541457,3.94068978471595,1.5470088809887568,2.606860605649746,5.26827649575873,4.251788860292574,2.1564575319082846,0.8584961909093253,3.738007023726332,1.7786547523977798,0.0,1.4699264763791589,1.9426472915583604,4.035961423536314,0.6457157627725201,4.064244773139029,2.3510287414747943,4.324863622985142,0.7644384490422815,4.160327161453297,2.939854568880254,1.2403561430567744,0.982181947773533,5.222731234451517,0.20585385715734203,2.9122978894434306,4.213139446309849,4.041158624323028,4.29739733298897,1.053437457087407,2.1610241724219805,1.9391445707054769,2.4662294969775407,1.5708894656433485,2.5453686289746567,4.101532405964696,0.9886705763860013,3.417632933013425,3.6962443310283364,2.1682069161703614,1.7298425493814213,2.17049836303333,2.250283183555211,1.5256890038366897,0.6318068579712219,1.7194682578589726],[2.294109561860845,3.680817258292295,2.7762838339353686,1.5718411276095952,3.607172545680717,2.627228107846596,1.2280423668205753,1.5510863914335746,3.8424557582471843,3.00714741431643,1.4648766315301642,1.2103117998290998,2.3228504925071083,0.42877117242015966,1.4699264763791589,0.0,1.302017997862165,2.7284126312220893,1.7913752946252899,2.740094291569334,1.434340113838907,2.9020920312238485,0.9745872285917242,3.26837398800941,1.5192716938333977,0.917046601857262,0.5279092091521929,3.8391728083441383,1.6084091346008333,1.7071034284521178,2.8356372772487397,2.6096015823651943,3.438763457779688,2.3970805358201015,0.7816999804719952,0.519872799935533,1.3426889546155127,0.545683975740424,2.0087020857758104,3.0609332862917196,1.6701106275931932,2.1533060474024235,2.237828913419244,1.2751603339017634,2.7298377483888436,0.8351949452705613,1.1579117908363614,2.1244673965675265,1.3242946715159205,0.7588728074111148],[1.847587875629199,3.5440902944055086,3.35676808507719,1.0598103980141476,4.246380871664635,3.2274012837018256,2.3346385857739054,2.251493909277665,3.9474982814411175,2.440819789430215,2.520334503362943,1.6565236021215015,2.8478882787922895,1.1790552331792346,1.9426472915583604,1.302017997862165,0.0,2.4221964340199005,1.9925855215621096,2.822947931362179,2.628445115242585,3.1163494202848687,1.9333640398812644,2.3898883567778157,1.9677184145244044,0.8523701756011033,1.4219429137919661,4.164428588742477,2.009355789940759,2.6914828157232127,3.0007332006187752,3.121336620851954,2.8798079850018383,2.448256266706466,1.7726720297466938,1.4623482969836865,2.1388676899309265,1.59440974082629,3.0457816393011976,2.4166385079392185,1.511499015631112,1.7489941581613249,2.5297839296747076,2.54617451739811,2.388832621984207,1.0918624004172086,2.2630242130478715,1.5236299073121022,2.0950212167048305,1.0694407516370175],[0.7722224497860481,2.963143074418375,2.2178518845663864,2.025427625260925,3.0176625494888274,2.6546742913707018,3.5329409139723866,2.326699633381399,1.752967726708974,0.8592544374122986,3.568715748149604,3.5283771718913455,1.653517815849797,2.495754689711935,4.035961423536314,2.7284126312220893,2.4221964340199005,0.0,4.090192436719651,1.2739136665137518,3.1524548680907967,1.667799850865991,3.690597352784511,1.62688791925558,1.8362172335710207,2.9444756217774586,3.1706332911589112,2.8410670389323025,4.116812208650165,2.6826380141880777,1.4911655908974566,1.7495096160887127,1.986861767394905,4.697784644251153,2.499696892721793,2.3535565683188957,2.749059235601375,2.844084527141466,3.5648046880282855,1.3151907601080057,3.7457554615860826,1.129853414967969,1.3325284879572736,3.3440989564844004,4.679593332716684,1.9554078941681698,2.9705622441603765,3.7947215374367547,3.9559183596797642,2.3837077450709216],[3.485111458714659,4.832260541223418,4.296190324147774,2.362189265136182,5.269984267725659,4.2713440691465285,1.8792141355198795,2.6560808025299614,5.394679849936814,4.333421728801311,2.7160557977744304,0.8486112178288797,3.9342033701886834,2.1029158199348377,0.6457157627725201,1.7913752946252899,1.9925855215621096,4.090192436719651,0.0,4.125908276387105,2.692028247593311,4.533342029290596,1.2980361707981705,4.001459119834456,3.205595482400315,1.3271198606831482,1.3218906630202485,5.515313857431682,0.49959707369880224,3.2532459353797267,4.346053775632561,4.259590365252036,4.063165331960888,0.7305608728663509,2.545575192384883,2.1929824960445314,2.7813372387921955,1.9197570895210179,2.7331079102345757,4.001557522507329,0.7812990549614668,3.5420469126669527,3.9386296468770388,2.621808687431355,1.425368003362981,2.3474650339547765,2.62925464667193,1.181811962516528,1.1485829643056686,1.7665064132002994],[1.2896460494211426,2.2777589759865293,1.211735562116879,2.0582243791571293,2.231258148364682,1.9667562384417598,3.4968268811899192,1.9624834478721844,1.4355203580125502,1.8388691492992126,3.614866999416245,3.401458374184668,1.3429996607032215,2.5430877756987145,4.064244773139029,2.740094291569334,2.822947931362179,1.2739136665137518,4.125908276387105,0.0,2.974319254296821,1.0800987639254427,3.6448928834786,2.2992240087454876,1.5705754699812922,3.0249455703567447,3.130906517093486,2.2551337147093347,4.166374444920251,2.6263455660394697,0.5353892556967997,1.4362169528193924,2.054235549350486,4.742303029615426,2.5061694246052117,2.2492942287337008,2.2466329421415274,2.9585538655764143,3.4379146130563885,1.6165581582639714,3.7991896264606178,1.520243092921969,1.5431867800539194,3.0338000971741987,4.743057577384348,2.0124419921568117,2.5434911474828494,4.0251561798758875,4.009148596706168,2.404129441602814],[2.9874810123282987,4.372992481961149,2.516228093608289,2.688127018412933,3.2156499408635932,2.6522793383938676,0.9468198608081807,1.4382527357536725,3.7753086951378676,3.6706707757775776,1.3276675693278117,2.2201019538871396,2.0080982453960488,1.661569464919143,2.3510287414747943,1.434340113838907,2.628445115242585,3.1524548680907967,2.692028247593311,2.974319254296821,0.0,3.0576915386792836,1.658724460734555,4.121724793515811,1.981053125132714,2.2919046276267796,1.6863805732601618,3.855604890355561,2.4573523898861818,0.7977641543085502,3.0274701360931644,2.2479436847107954,4.0773401172675054,3.3446902674118864,1.1567960023164034,1.3383232630145716,1.870925204502578,1.1337883103551714,0.9440940273241173,3.8310424977471995,2.892513600116257,2.967884332605945,2.2593978266751353,0.9015809022385908,3.9277625409107935,1.8503794827306164,1.3472993637562845,3.3782752205371587,1.8882704155298118,1.8201580449798747],[1.8814770586435727,2.1154937005983485,1.1940905920007938,2.589505004948077,1.5146738563890412,1.2363108257465631,3.7037869886663604,2.516529246290823,1.335701954047984,1.9185489348486973,3.4123472332925076,3.777530102649334,1.3959089699394833,2.611847145492164,4.324863622985142,2.9020920312238485,3.1163494202848687,1.667799850865991,4.533342029290596,1.0800987639254427,3.0576915386792836,0.0,3.799510077267168,2.972282399257557,1.4068840478408604,3.3348907794731173,3.347898804841787,1.2609417174229103,4.464617198198023,2.567844001964806,0.5782474419994387,1.2897453054492578,3.023202092474771,5.11719388893825,2.445985545273311,2.4336742526583404,2.1626273829563027,3.104854153015255,3.7320501268852135,2.3233363141315047,4.174472436093975,1.597019569319945,1.2888620860947366,2.94414214144379,5.125077808296624,2.243995725101524,2.4715214809660044,4.466834611686324,4.2034333821048016,2.832457309260846],[3.231433794973631,4.42666059294602,3.5388450214831644,2.330099197297411,4.312313430610011,3.3283852571545323,0.9843793195348359,2.165292964930691,4.7635251569510375,3.962184200596405,1.4673849573345632,1.012493600850099,3.155878845664207,1.3184865567529462,0.7644384490422815,0.9745872285917242,1.9333640398812644,3.690597352784511,1.2980361707981705,3.6448928834786,1.658724460734555,3.799510077267168,0.0,4.106760034114865,2.408879486430828,1.2662634655000822,0.6083414686135252,4.639111413560535,0.9279247446303982,2.225415098581695,3.737767545803433,3.4391595840196856,4.221962172099077,1.806573107684121,1.521629286018595,1.419843422374917,1.9270099580350901,1.0106612884631676,2.031059210534965,3.9484629565959257,1.499031712383854,3.1023238180690766,3.143826358368745,1.4177146881528087,2.40199240469917,1.7932232878516803,1.5955418485430357,2.0791705223998767,0.49408318783045313,1.4845967449497197],[1.283190660922881,3.255432581860094,3.4551405958588832,1.9318631432382802,4.420073577146932,3.849104218469813,4.176263142532232,3.0510627545662485,3.088667306908393,1.582859419831524,4.477722273982043,3.6002946373885645,3.086947741197242,3.085906826689925,4.160327161453297,3.26837398800941,2.3898883567778157,1.62688791925558,4.001459119834456,2.2992240087454876,4.121724793515811,2.972282399257557,4.106760034114865,0.0,2.8692946336598406,3.0015254874239146,3.526956509264091,4.106479307490462,4.189593645193441,3.8894323503281805,2.65573499961762,3.2655821872707964,1.1826890978615525,4.475307803794208,3.4148987475272863,3.046614009220034,3.5033773782156286,3.497174610655766,4.387500096768302,0.786567350290744,3.5355186313003357,1.8269569477882697,2.8431726518728317,4.257117329596319,4.204665981088672,2.5383052592453867,3.8140403849866167,3.328112914933509,4.2987973926818785,2.681327910582269],[1.6309686187389019,2.5360572790739613,1.595873074253073,1.671750034354938,2.2891751019220328,1.3127405919003126,2.438322717824211,1.6723281470356377,2.5182465741420366,2.102190878729332,2.183247992466498,2.4697181728518696,1.355297309600668,1.2203930688540987,2.939854568880254,1.5192716938333977,1.9677184145244044,1.8362172335710207,3.205595482400315,1.5705754699812922,1.981053125132714,1.4068840478408604,2.408879486430828,2.8692946336598406,0.0,2.031364906121808,1.9651798267967862,2.3489002604229756,3.088570974390899,1.707955482823786,1.4579057474035868,1.528476408492266,3.022484881108134,3.7811273420174594,1.1327424960212864,1.0927653819896623,0.9974171131102227,1.779356832850106,2.7475002503176222,2.3846000830195426,2.886244848169529,1.241387411312384,1.1654171052858167,1.7478909295215739,3.8803394018251867,0.9787309739534669,1.2502752349950126,3.2538043746937753,2.8171534616496725,1.6073860383713248],[2.331727083444987,3.6575987898953093,3.3270869294699863,1.2290065668961832,4.249417600842397,3.1845338492452635,1.858432810503386,2.030685045712023,4.269647610244927,3.0967288365078662,2.248880058335514,0.8286936227065635,2.9659043090512522,1.0033430895463986,1.2403561430567744,0.917046601857262,0.8523701756011033,2.9444756217774586,1.3271198606831482,3.0249455703567447,2.2919046276267796,3.3348907794731173,1.2662634655000822,3.0015254874239146,2.031364906121808,0.0,0.7389935888687981,4.324311191778095,1.3329504006790747,2.591243117123736,3.1915871407129717,3.2662661468586625,3.2209267048656733,1.8291157451667184,1.6436336288301592,1.222531520224316,1.8044621798434157,1.3246445339011514,2.688857643593643,2.902430212791284,0.8857148541804992,2.249402270752973,2.8298991143159946,2.0956368544442077,1.9261350497026715,1.1556681902762178,1.8442690725907882,1.2758193128207211,1.491636516163999,0.8150071474733066],[2.662516957372294,3.9136902070365944,3.1641790904297418,1.7240494992754374,4.019724209567909,3.003461278225792,1.2116949431430317,1.8113430308478844,4.30828942919869,3.429550992525852,1.6628657124094506,0.7515013859462437,2.7962196155616823,0.857042893990969,0.982181947773533,0.5279092091521929,1.4219429137919661,3.1706332911589112,1.3218906630202485,3.130906517093486,1.6863805732601618,3.347898804841787,0.6083414686135252,3.526956509264091,1.9651798267967862,0.7389935888687981,0.0,4.262891637491772,1.1300719778713817,2.124637695590689,3.2494088333313678,3.0925339955696405,3.6500185702784322,1.9038740411428536,1.2654510485385095,0.9674808664727218,1.5727909543538714,0.8483058141870844,2.1303972590308535,3.35172262252743,1.2591419028466293,2.552683350441031,2.7568751131759286,1.4573012105984666,2.2952286969084192,1.2472261707806043,1.3859985120898497,1.81178333855718,0.9719876569099949,0.9268202478307647],[3.1024304953122304,2.344318157071729,1.926029184544962,3.708678748751277,1.19682607716751,1.398859470958378,4.586814918460222,3.5920896700083276,1.9500388485177367,2.902304064124634,4.02819742459165,4.730022770861828,2.389175348942382,3.5278633378356075,5.222731234451517,3.8391728083441383,4.164428588742477,2.8410670389323025,5.515313857431682,2.2551337147093347,3.855604890355561,1.2609417174229103,4.639111413560535,4.106479307490462,2.3489002604229756,4.324311191778095,4.262891637491772,0.0,5.387142712306008,3.3464213752193888,1.7234838746822,2.1674147981385703,4.17734367702635,6.051944460815258,3.293071197164949,3.4108696111035655,2.8581280214950207,4.039269449198304,4.618533001662338,3.4427700719354677,5.141677220458348,2.666626765272136,2.276569310024095,3.5868974925877364,6.043784520986478,3.3001849726995767,3.157080517048178,5.496319335039765,5.075173644629809,3.920271609739973],[3.561982535024721,4.865068586126393,4.243041051640472,2.4949860811867266,5.127089179514594,4.112628672168599,1.616899959254543,2.674423297825083,5.377807432916921,4.342735108529094,2.3112009229552983,0.9249562620962958,3.84906241328061,1.9278735665636235,0.20585385715734203,1.6084091346008333,2.009355789940759,4.116812208650165,0.49959707369880224,4.166374444920251,2.4573523898861818,4.464617198198023,0.9279247446303982,4.189593645193441,3.088570974390899,1.3329504006790747,1.1300719778713817,5.387142712306008,0.0,3.026919760387439,4.3360808884243225,4.158641531267491,4.315711170430556,0.9231894352117895,2.309549459892309,2.06970978771076,2.6377190769526453,1.682203542132339,2.581319894470635,4.159691421919664,0.9874610962525439,3.5298430237589296,3.8178258104468012,2.330487262120203,1.6716127484960908,2.287808497611769,2.421498700106611,1.4648924446963023,0.7155628341707954,1.7950754009005965],[2.6980229558989897,4.179183247092154,2.175578670558228,2.7398478238427573,2.7463022956559464,2.322986984761948,1.6108822519822041,1.5808718724422464,3.190059613040299,3.198934953718516,1.5050499874168979,2.742526029104402,1.456277517250738,1.7638332276670619,2.9122978894434306,1.7071034284521178,2.6914828157232127,2.6826380141880777,3.2532459353797267,2.6263455660394697,0.7977641543085502,2.567844001964806,2.225415098581695,3.8894323503281805,1.707955482823786,2.591243117123736,2.124637695590689,3.3464213752193888,3.026919760387439,0.0,2.620808687302672,1.6344743538983293,3.9418823958547837,3.916620488389724,1.109982318846465,1.4711183324706933,1.9738854394419818,1.4216058467589798,1.4668377717000183,3.582672590900273,3.3318222340867965,2.633970749766,1.6226524795856059,1.314184310522924,4.400541646994774,1.8255601204617267,1.575953910493625,3.740212066910684,2.46712116591414,2.037212743341896],[1.5993970417221641,2.0580888553942565,1.0376847614531042,2.318319601293934,1.8010200945328887,1.5467438598988814,3.623365868460484,2.227164982297819,1.296579760188252,1.9015383667031203,3.550608775872589,3.588347643063066,1.3393275759530814,2.5909992744526398,4.213139446309849,2.8356372772487397,3.0007332006187752,1.4911655908974566,4.346053775632561,0.5353892556967997,3.0274701360931644,0.5782474419994387,3.737767545803433,2.65573499961762,1.4579057474035868,3.1915871407129717,3.2494088333313678,1.7234838746822,4.3360808884243225,2.620808687302672,0.0,1.3324095666928826,2.5348333978351922,4.9450519466929,2.4960904371662105,2.3426251795462094,2.155313045822885,3.0619914715467633,3.6032966170650624,1.9596342897494772,3.996951288189623,1.5528304229285217,1.4418240897104138,2.9843796127670976,4.941682545380731,2.1341561722944826,2.4796056559368376,4.268132483976255,4.132775844138428,2.628672188579473],[2.072367992448567,3.290376891934552,1.0725219323538817,2.747862552829021,1.6787069495106095,1.7363385352043013,3.0239173823013394,1.8992105802977086,1.573096967461717,2.363449807406994,2.9055802830351927,3.5910318822671314,0.3502187566016232,2.462852673608595,4.041158624323028,2.6096015823651943,3.121336620851954,1.7495096160887127,4.259590365252036,1.4362169528193924,2.2479436847107954,1.2897453054492578,3.4391595840196856,3.2655821872707964,1.528476408492266,3.2662661468586625,3.0925339955696405,2.1674147981385703,4.158641531267491,1.6344743538983293,1.3324095666928826,0.0,3.21639984375062,4.932529207847931,2.0434995155475977,2.1367108444983267,2.2727717788383766,2.594937420194993,2.7682542751484505,2.775563374612668,4.112469335853283,2.084793140276521,0.8457697392657854,2.4826984185850876,5.17047617955276,2.1439206592509277,2.2747965043342386,4.427960801440095,3.768707264473505,2.5890441327985787],[1.6043662137503738,3.2403070613489446,3.147894671615715,2.071793804990235,4.280256893762409,3.864927491808895,4.189460418911639,2.7475286401671917,2.999418829142572,2.3351306593579464,4.733051705097418,3.5929591814981476,3.01243114153476,3.343754843538589,4.29739733298897,3.438763457779688,2.8798079850018383,1.986861767394905,4.063165331960888,2.054235549350486,4.0773401172675054,3.023202092474771,4.221962172099077,1.1826890978615525,3.022484881108134,3.2209267048656733,3.6500185702784322,4.17734367702635,4.315711170430556,3.9418823958547837,2.5348333978351922,3.21639984375062,0.0,4.583678742319568,3.6205692667575553,3.136663880694914,3.509519119136556,3.6803956094819807,4.2185788948384095,1.0476312726301542,3.6955386897211975,2.3374653135767582,3.0857436339001985,4.268082283483922,4.388003355723146,2.7517522640541268,3.8055684451816285,3.597805784365982,4.442945580069136,2.750114103926968],[4.0614988242179955,5.211025413177515,4.931984356052629,2.875649220355866,5.8660698957562145,4.801401916395823,2.5099838028277657,3.3615239266306958,6.035661349475448,4.859675753606377,3.1974905982256763,1.4144556804826032,4.613961515916284,2.6587932259765665,1.053437457087407,2.3970805358201015,2.448256266706466,4.697784644251153,0.7305608728663509,4.742303029615426,3.3446902674118864,5.11719388893825,1.806573107684121,4.475307803794208,3.7811273420174594,1.8291157451667184,1.9038740411428536,6.051944460815258,0.9231894352117895,3.916620488389724,4.9450519466929,4.932529207847931,4.583678742319568,0.0,3.1448278890670447,2.8246690184190606,3.28620710198566,2.555513725644738,3.404230016902973,4.510417186621881,1.0324943680936485,4.062314880591526,4.574942221215108,3.1738212106911177,0.9824856816215289,2.944346140248631,3.172590936323322,1.2716808381268578,1.6216339450346127,2.4170756604956054],[2.2698519042746663,3.5903347713115177,2.3585705078716095,1.9617104096868885,3.0133425466757147,2.1188235931886172,1.4443670753580444,1.5838515280988408,3.3897304515751157,2.8043207649748543,1.1494312623486616,1.9647326853488607,1.8124980792298702,0.6976319888649009,2.1610241724219805,0.7816999804719952,1.7726720297466938,2.499696892721793,2.545575192384883,2.5061694246052117,1.1567960023164034,2.445985545273311,1.521629286018595,3.4148987475272863,1.1327424960212864,1.6436336288301592,1.2654510485385095,3.293071197164949,2.309549459892309,1.109982318846465,2.4960904371662105,2.0434995155475977,3.6205692667575553,3.1448278890670447,0.0,0.6483903122839834,1.2407606706091265,0.7781298270915056,1.9659746619137801,3.1289884459137083,2.439424995805556,2.0167804175114052,1.6711509897134011,1.0154222937531148,3.4825859024366457,0.9774388469479952,0.9725012747983321,2.865037070970105,1.8649800920506747,1.3086479942999827],[1.957087434804162,3.3416663995059874,2.264837699211166,1.4224574369429208,3.148871199065252,2.2263966287148182,1.451062297687979,1.1802928874408838,3.3553471439489977,2.712151526064509,1.6585735917931086,1.5168110831730863,1.843986045928183,0.5303259079965729,1.9391445707054769,0.519872799935533,1.4623482969836865,2.3535565683188957,2.1929824960445314,2.2492942287337008,1.3383232630145716,2.4336742526583404,1.419843422374917,3.046614009220034,1.0927653819896623,1.222531520224316,0.9674808664727218,3.4108696111035655,2.06970978771076,1.4711183324706933,2.3426251795462094,2.1367108444983267,3.136663880694914,2.8246690184190606,0.6483903122839834,0.0,1.0734081844454368,0.8180220509617745,1.9746698625436956,2.7470930637471582,2.0340486164728793,1.8500296332094894,1.8312654548462484,1.2372915509088156,3.1010306384645077,0.564625410015415,0.9586525169450685,2.463173571462438,1.7916828973348073,0.7366465381818269],[2.3705678315383856,2.6990696162332184,2.0008664322392353,1.847762572378119,2.65740190687965,1.5331979806679614,2.175695395428297,1.7742777978919815,3.3399718496270996,2.9998877648523363,2.003186120451609,1.9757246504766954,2.074343362867729,1.178081478202367,2.4662294969775407,1.3426889546155127,2.1388676899309265,2.749059235601375,2.7813372387921955,2.2466329421415274,1.870925204502578,2.1626273829563027,1.9270099580350901,3.5033773782156286,0.9974171131102227,1.8044621798434157,1.5727909543538714,2.8581280214950207,2.6377190769526453,1.9738854394419818,2.155313045822885,2.2727717788383766,3.509519119136556,3.28620710198566,1.2407606706091265,1.0734081844454368,0.0,1.7293732483649225,2.662137063107625,3.0134452894039265,2.49888701428267,2.030675826213023,2.1052999678839006,1.2825151576383595,3.426278869494038,1.2664429647709328,0.5935343426469896,3.03498553534558,2.408870020905565,1.6013015017094672],[2.516133961072136,4.123953653000526,2.9188907109750564,1.9739985729841418,3.71445621461279,2.8541708899665252,0.8721490612663869,1.589484996657259,3.938986913710432,3.181798062017442,1.211925560517602,1.517186645826179,2.313418730901621,0.8412899579468283,1.5708894656433485,0.545683975740424,1.59440974082629,2.844084527141466,1.9197570895210179,2.9585538655764143,1.1337883103551714,3.104854153015255,1.0106612884631676,3.497174610655766,1.779356832850106,1.3246445339011514,0.8483058141870844,4.039269449198304,1.682203542132339,1.4216058467589798,3.0619914715467633,2.594937420194993,3.6803956094819807,2.555513725644738,0.7781298270915056,0.8180220509617745,1.7293732483649225,0.0,1.636925524324535,3.342964164862878,1.979071409598206,2.4343113801335736,2.2460705056297092,1.2529077662917723,3.027057239505544,1.1769235919375514,1.3993323394199508,2.3799277750142793,1.2204658329246552,1.0684604598185254],[3.3951297182609466,5.062957227920509,3.057015092807942,3.088342969467173,3.888399543673887,3.48107387346011,1.0756114675843758,1.6230494769335309,4.231487066930096,4.183207474792557,2.059098055797446,2.4592704848925457,2.505776122627355,2.3335608857696295,2.5453686289746567,2.0087020857758104,3.0457816393011976,3.5648046880282855,2.7331079102345757,3.4379146130563885,0.9440940273241173,3.7320501268852135,2.031059210534965,4.387500096768302,2.7475002503176222,2.688857643593643,2.1303972590308535,4.618533001662338,2.581319894470635,1.4668377717000183,3.6032966170650624,2.7682542751484505,4.2185788948384095,3.404230016902973,1.9659746619137801,1.9746698625436956,2.662137063107625,1.636925524324535,0.0,4.186132015317828,3.1262711969361963,3.574386142444209,2.8757996458459423,1.7565844837343572,4.110416542728297,2.433013304820831,2.174352488300878,3.540085837468131,2.077952595715637,2.1726806611534553],[0.9157968368251723,2.564054158326111,2.7992041388147757,1.7074195039658344,3.754695868792393,3.2131136859415528,4.012795435857997,2.7039667363456483,2.5295911824804174,1.3970074495769282,4.253121360769719,